日期              时间       飞机地址           纬度                  经度                                高度          地速     航向    航班号 爬升率 识别代码
2017-10-10	13:15:54	781143	39.12433683872223	117.3500508069992	0.00	15.82	333.58	GCR7884	0.0	2000
2017-10-10	13:15:55	781143	39.12433683872223	117.3500508069992	0.00	15.82	333.58	GCR7884	0.0	2000
2017-10-10	13:15:55	781143	39.124406576156616	117.35001862049103	0.00	15.82	333.58	GCR7884	0.0	2000
2017-10-10	13:15:57	781143	39.12450850009918	117.34994888305664	0.00	16.92	333.58	GCR7884	0.0	2000
2017-10-10	13:15:57	781143	39.12453532218933	117.34992742538452	0.00	16.92	333.58	GCR7884	0.0	2000
2017-10-10	13:15:58	781143	39.1245836019516	117.34989523887634	0.00	16.92	333.58	GCR7884	0.0	2000
2017-10-10	13:15:59	781143	39.1245836019516	117.34989523887634	0.00	16.92	333.58	GCR7884	0.0	2000
2017-10-10	13:15:59	781143	39.124690890312195	117.34983623027802	0.00	16.92	333.58	GCR7884	0.0	2000
2017-10-10	13:16:1	781143	39.12477135658264	117.34978795051575	0.00	16.92	333.58	GCR7884	0.0	2000
2017-10-10	13:16:1	781143	39.12480354309082	117.3497611284256	0.00	16.92	333.58	GCR7884	0.0	2000
2017-10-10	13:16:2	781143	39.124835729599	117.34974503517151	0.00	16.92	333.58	GCR7884	0.0	2000
2017-10-10	13:16:2	781143	39.12487328052521	117.34972894191742	0.00	17.80	333.58	GCR7884	0.0	2000
2017-10-10	13:16:3	781143	39.124937653541565	117.34968066215515	0.00	17.80	333.58	GCR7884	0.0	2000
2017-10-10	13:16:4	781143	39.12499129772186	117.349653840065	0.00	17.80	333.58	GCR7884	0.0	2000
2017-10-10	13:16:4	781143	39.12499129772186	117.349653840065	0.00	17.80	333.58	GCR7884	0.0	2000
2017-10-10	13:16:4	781143	39.12502348423004	117.34963774681091	0.00	17.80	333.58	GCR7884	0.0	2000
2017-10-10	13:16:5	781143	39.12502348423004	117.34963774681091	0.00	17.80	333.58	GCR7884	0.0	2000
2017-10-10	13:16:5	781143	39.12509322166443	117.34958946704865	0.00	17.80	333.58	GCR7884	0.0	2000
2017-10-10	13:16:6	781143	39.125173687934875	117.34953582286835	0.00	17.80	333.58	GCR7884	0.0	2000
2017-10-10	13:16:7	781143	39.125216603279114	117.34952509403229	0.00	17.80	333.58	GCR7884	0.0	2000
2017-10-10	13:16:9	781143	39.125216603279114	117.34952509403229	0.00	17.80	333.58	GCR7884	0.0	2000
2017-10-10	13:16:11	781143	39.1255384683609	117.3493105173111	0.00	18.90	333.58	GCR7884	0.0	2000
2017-10-10	13:16:11	781143	39.12558138370514	117.34928369522095	0.00	18.90	333.58	GCR7884	0.0	2000
2017-10-10	13:16:13	781143	39.12573158740997	117.34919250011444	0.00	19.78	333.58	GCR7884	0.0	2000
2017-10-10	13:16:14	781143	39.12576913833618	117.34918177127838	0.00	19.78	333.58	GCR7884	0.0	2000
2017-10-10	13:16:14	781143	39.12576913833618	117.34918177127838	0.00	19.78	333.58	GCR7884	0.0	2000
2017-10-10	13:16:19	781143	39.126187562942505	117.34891891479492	0.00	20.87	333.58	GCR7884	0.0	2000
2017-10-10	13:16:20	781143	39.12631094455719	117.3488438129425	0.00	20.87	333.58	GCR7884	0.0	2000
2017-10-10	13:16:22	781143	39.12648797035217	117.34873652458191	0.00	20.87	333.58	GCR7884	0.0	2000
2017-10-10	13:16:25	781143	39.12648797035217	117.34873652458191	0.00	20.87	333.58	GCR7884	0.0	2000
2017-10-10	13:16:26	781143	39.1268527507782	117.34850585460663	0.00	21.97	333.58	GCR7884	0.0	2000
2017-10-10	13:16:27	781143	39.126960039138794	117.3484468460083	0.00	21.97	333.58	GCR7884	0.0	2000
2017-10-10	13:16:28	781143	39.126997590065	117.34841465950012	0.00	21.97	333.58	GCR7884	0.0	2000
2017-10-10	13:16:28	781143	39.1270512342453	117.34840393066406	0.00	21.97	333.58	GCR7884	0.0	2000
2017-10-10	13:16:29	781143	39.1270512342453	117.34840393066406	0.00	21.97	333.58	GCR7884	0.0	2000
2017-10-10	13:16:29	781143	39.12713170051575	117.3483556509018	0.00	21.97	333.58	GCR7884	0.0	2000
2017-10-10	13:16:30	781143	39.12713170051575	117.3483556509018	0.00	21.97	333.58	GCR7884	0.0	2000
2017-10-10	13:16:31	781143	39.12731409072876	117.34823226928711	0.00	22.85	333.58	GCR7884	0.0	2000
2017-10-10	13:16:32	781143	39.127405285835266	117.34817862510681	0.00	22.85	333.58	GCR7884	0.0	2000
2017-10-10	13:16:34	781143	39.1276091337204	117.34806060791016	0.00	22.85	333.58	GCR7884	0.0	2000
2017-10-10	13:16:35	781143	39.127657413482666	117.34802842140198	0.00	22.85	333.58	GCR7884	0.0	2000
2017-10-10	13:16:35	781143	39.127657413482666	117.34802842140198	0.00	22.85	333.58	GCR7884	0.0	2000
2017-10-10	13:16:36	781143	39.12775933742523	117.34795868396759	0.00	22.85	333.58	GCR7884	0.0	2000
2017-10-10	13:16:37	781143	39.127909541130066	117.34786748886108	0.00	23.95	333.58	GCR7884	0.0	2000
2017-10-10	13:16:38	781143	39.127952456474304	117.3478353023529	0.00	23.95	333.58	GCR7884	0.0	2000
2017-10-10	13:16:39	781143	39.127952456474304	117.3478353023529	0.00	23.95	333.58	GCR7884	0.0	2000
2017-10-10	13:16:39	781143	39.12804365158081	117.34779238700867	0.00	23.95	333.58	GCR7884	0.0	2000
2017-10-10	13:16:39	781143	39.12809729576111	117.3477441072464	0.00	23.95	333.58	GCR7884	0.0	2000
2017-10-10	13:16:40	781143	39.12814021110535	117.34771728515625	0.00	23.95	333.58	GCR7884	0.0	2000
2017-10-10	13:16:41	781143	39.12829577922821	117.34762072563171	0.00	23.95	333.58	GCR7884	0.0	2000
2017-10-10	13:16:42	781143	39.12834405899048	117.34759390354156	0.00	23.95	333.58	GCR7884	0.0	2000
2017-10-10	13:16:42	781143	39.12838697433472	117.34757781028748	0.00	23.95	333.58	GCR7884	0.0	2000
2017-10-10	13:16:44	781143	39.12852644920349	117.34748661518097	0.00	23.95	333.58	GCR7884	0.0	2000
2017-10-10	13:16:44	781143	39.12852644920349	117.34748661518097	0.00	23.95	333.58	GCR7884	0.0	2000
2017-10-10	13:16:44	781143	39.12855863571167	117.34746515750885	0.00	22.85	333.58	GCR7884	0.0	2000
2017-10-10	13:16:45	781143	39.12861227989197	117.3474383354187	0.00	22.85	333.58	GCR7884	0.0	2000
2017-10-10	13:16:45	781143	39.12861227989197	117.3474383354187	0.00	22.85	333.58	GCR7884	0.0	2000
2017-10-10	13:16:45	781143	39.12864446640015	117.34741151332855	0.00	21.97	333.58	GCR7884	0.0	2000
2017-10-10	13:16:46	781143	39.128703474998474	117.34737932682037	0.00	21.97	333.58	GCR7884	0.0	2000
2017-10-10	13:16:46	781143	39.12874102592468	117.34735786914825	0.00	20.87	333.58	GCR7884	0.0	2000
2017-10-10	13:16:47	781143	39.12878394126892	117.3473310470581	0.00	20.87	333.58	GCR7884	0.0	2000
2017-10-10	13:16:47	781143	39.1288161277771	117.34732031822205	0.00	19.78	333.58	GCR7884	0.0	2000
2017-10-10	13:16:48	781143	39.12889122962952	117.34726667404175	0.00	19.78	333.58	GCR7884	0.0	2000
2017-10-10	13:16:49	781143	39.12889122962952	117.34726667404175	0.00	19.78	333.58	GCR7884	0.0	2000
2017-10-10	13:16:49	781143	39.128939509391785	117.34723448753357	0.00	19.78	333.58	GCR7884	0.0	2000
2017-10-10	13:16:49	781143	39.12897169589996	117.34721839427948	0.00	19.78	333.58	GCR7884	0.0	2000
2017-10-10	13:16:50	781143	39.12897169589996	117.34721839427948	0.00	19.78	333.58	GCR7884	0.0	2000
2017-10-10	13:16:50	781143	39.12905216217041	117.34716475009918	0.00	19.78	333.58	GCR7884	0.0	2000
2017-10-10	13:16:51	781143	39.12910044193268	117.34714865684509	0.00	19.78	333.58	GCR7884	0.0	2000
2017-10-10	13:16:51	781143	39.12914335727692	117.34712183475494	0.00	19.78	333.58	GCR7884	0.0	2000
2017-10-10	13:16:52	781143	39.129180908203125	117.34708964824677	0.00	19.78	333.58	GCR7884	0.0	2000
2017-10-10	13:16:52	781143	39.12922382354736	117.34705746173859	0.00	19.78	333.58	GCR7884	0.0	2000
2017-10-10	13:16:53	781143	39.12931501865387	117.34699845314026	0.00	19.78	333.58	GCR7884	0.0	2000
2017-10-10	13:16:53	781143	39.12931501865387	117.34699845314026	0.00	19.78	333.58	GCR7884	0.0	2000
2017-10-10	13:16:54	781143	39.12936329841614	117.34698235988617	0.00	20.87	333.58	GCR7884	0.0	2000
2017-10-10	13:16:54	781143	39.129400849342346	117.34695017337799	0.00	20.87	333.58	GCR7884	0.0	2000
2017-10-10	13:16:54	781143	39.129400849342346	117.34695017337799	0.00	20.87	333.58	GCR7884	0.0	2000
2017-10-10	13:16:55	781143	39.129443764686584	117.34692335128784	0.00	20.87	333.58	GCR7884	0.0	2000
2017-10-10	13:16:56	781143	39.12953495979309	117.34687507152557	0.00	20.87	333.58	GCR7884	0.0	2000
2017-10-10	13:16:56	781143	39.12956714630127	117.34685361385345	0.00	20.87	333.58	GCR7884	0.0	2000
2017-10-10	13:16:57	781143	39.12961006164551	117.34683215618134	0.00	20.87	333.58	GCR7884	0.0	2000
2017-10-10	13:16:57	781143	39.12964224815369	117.34679996967316	0.00	20.87	333.58	GCR7884	0.0	2000
2017-10-10	13:16:58	781143	39.129701256752014	117.34676778316498	0.00	20.87	333.58	GCR7884	0.0	2000
2017-10-10	13:16:58	781143	39.12974953651428	117.34674632549286	0.00	20.87	333.58	GCR7884	0.0	2000
2017-10-10	13:16:59	781143	39.12974953651428	117.34674632549286	0.00	20.87	333.58	GCR7884	0.0	2000
2017-10-10	13:16:59	781143	39.12983000278473	117.34668731689453	0.00	20.87	333.58	GCR7884	0.0	2000
2017-10-10	13:16:59	781143	39.12983000278473	117.34668731689453	0.00	20.87	333.58	GCR7884	0.0	2000
2017-10-10	13:17:0	781143	39.12986755371094	117.34666049480438	0.00	20.87	333.58	GCR7884	0.0	2000
2017-10-10	13:17:0	781143	39.129910469055176	117.34663903713226	0.00	21.97	333.58	GCR7884	0.0	2000
2017-10-10	13:17:1	781143	39.129958748817444	117.34660148620605	0.00	21.97	333.58	GCR7884	0.0	2000
2017-10-10	13:17:1	781143	39.13000166416168	117.34658002853394	0.00	21.97	333.58	GCR7884	0.0	2000
2017-10-10	13:17:2	781143	39.13006067276001	117.34654784202576	0.00	21.97	333.58	GCR7884	0.0	2000
2017-10-10	13:17:2	781143	39.13010895252228	117.34652638435364	0.00	21.97	333.58	GCR7884	0.0	2000
2017-10-10	13:17:3	781143	39.130157232284546	117.34649419784546	0.00	21.97	333.58	GCR7884	0.0	2000
2017-10-10	13:17:3	781143	39.130200147628784	117.34646201133728	0.00	21.97	333.58	GCR7884	0.0	2000
2017-10-10	13:17:3	781143	39.130200147628784	117.34646201133728	0.00	21.97	333.58	GCR7884	0.0	2000
2017-10-10	13:17:4	781143	39.13023769855499	117.34643518924713	0.00	21.97	333.58	GCR7884	0.0	2000
2017-10-10	13:17:4	781143	39.13028597831726	117.34640300273895	0.00	21.97	333.58	GCR7884	0.0	2000
2017-10-10	13:17:5	781143	39.13031816482544	117.34638690948486	0.00	21.97	333.58	GCR7884	0.0	2000
2017-10-10	13:17:5	781143	39.13036644458771	117.34635472297668	0.00	21.97	333.58	GCR7884	0.0	2000
2017-10-10	13:17:6	781143	39.130409359931946	117.34632790088654	0.00	21.97	333.58	GCR7884	0.0	2000
2017-10-10	13:17:6	781143	39.130457639694214	117.34629571437836	0.00	21.97	333.58	GCR7884	0.0	2000
2017-10-10	13:17:7	781143	39.13050591945648	117.34626352787018	0.00	21.97	333.58	GCR7884	0.0	2000
2017-10-10	13:17:7	781143	39.13055419921875	117.34623670578003	0.00	22.85	333.58	GCR7884	0.0	2000
2017-10-10	13:17:8	781143	39.13059711456299	117.34620451927185	0.00	22.85	333.58	GCR7884	0.0	2000
2017-10-10	13:17:8	781143	39.13059711456299	117.34620451927185	0.00	22.85	333.58	GCR7884	0.0	2000
2017-10-10	13:17:9	781143	39.130688309669495	117.34616696834564	0.00	22.85	333.58	GCR7884	0.0	2000
2017-10-10	13:17:9	781143	39.130688309669495	117.34616696834564	0.00	22.85	333.58	GCR7884	0.0	2000
2017-10-10	13:17:10	781143	39.13082778453827	117.34607577323914	0.00	22.85	333.58	GCR7884	0.0	2000
2017-10-10	13:17:11	781143	39.13088142871857	117.34604358673096	0.00	22.85	333.58	GCR7884	0.0	2000
2017-10-10	13:17:13	781143	39.13088142871857	117.34604358673096	0.00	22.85	333.58	GCR7884	0.0	2000
2017-10-10	13:17:14	781143	39.131192564964294	117.34585046768188	0.00	23.95	333.58	GCR7884	0.0	2000
2017-10-10	13:17:18	781143	39.13156270980835	117.34562516212463	0.00	20.87	333.58	GCR7884	0.0	2000
2017-10-10	13:17:19	781143	39.13161098957062	117.34559297561646	0.00	20.87	333.58	GCR7884	0.0	2000
2017-10-10	13:17:19	781143	39.131648540496826	117.34557688236237	0.00	19.78	333.58	GCR7884	0.0	2000
2017-10-10	13:17:20	781143	39.131691455841064	117.34555006027222	0.00	19.78	333.58	GCR7884	0.0	2000
2017-10-10	13:17:21	781143	39.13178265094757	117.34548568725586	0.00	19.78	333.58	GCR7884	0.0	2000
2017-10-10	13:17:21	781143	39.13180410861969	117.34546959400177	0.00	18.90	333.58	GCR7884	0.0	2000
2017-10-10	13:17:22	781143	39.13185775279999	117.34544277191162	0.00	18.90	333.58	GCR7884	0.0	2000
2017-10-10	13:17:23	781143	39.13185775279999	117.34544277191162	0.00	18.90	333.58	GCR7884	0.0	2000
2017-10-10	13:17:24	781143	39.132040143013	117.34532475471497	0.00	16.92	333.58	GCR7884	0.0	2000
2017-10-10	13:17:28	781143	39.132040143013	117.34532475471497	0.00	16.92	333.58	GCR7884	0.0	2000
2017-10-10	13:17:30	781143	39.13236737251282	117.34512090682983	0.00	13.84	333.58	GCR7884	0.0	2000
2017-10-10	13:17:31	781143	39.132404923439026	117.34510481357574	0.00	13.84	333.58	GCR7884	0.0	2000
2017-10-10	13:17:31	781143	39.132426381111145	117.34508872032166	0.00	12.96	333.58	GCR7884	0.0	2000
2017-10-10	13:17:33	781143	39.13250684738159	117.34502971172333	0.00	12.96	333.58	GCR7884	0.0	2000
2017-10-10	13:17:33	781143	39.13253366947174	117.34501361846924	0.00	11.87	333.58	GCR7884	0.0	2000
2017-10-10	13:17:33	781143	39.13253366947174	117.34501361846924	0.00	11.87	333.58	GCR7884	0.0	2000
2017-10-10	13:17:34	781143	39.13256585597992	117.34499752521515	0.00	11.87	333.58	GCR7884	0.0	2000
2017-10-10	13:17:34	781143	39.13258731365204	117.34498143196106	0.00	11.87	333.58	GCR7884	0.0	2000
2017-10-10	13:17:34	781143	39.13258731365204	117.34498143196106	0.00	11.87	333.58	GCR7884	0.0	2000
2017-10-10	13:17:36	781143	39.132646322250366	117.34495460987091	0.00	11.87	333.58	GCR7884	0.0	2000
2017-10-10	13:17:36	781143	39.132667779922485	117.34493851661682	0.00	10.99	333.58	GCR7884	0.0	2000
2017-10-10	13:17:38	781143	39.13274824619293	117.34489023685455	0.00	9.89	336.58	GCR7884	0.0	2000
2017-10-10	13:17:38	781143	39.13274824619293	117.34489023685455	0.00	9.89	336.58	GCR7884	0.0	2000
2017-10-10	13:17:38	781143	39.13277506828308	117.34487414360046	0.00	9.89	336.58	GCR7884	0.0	2000
2017-10-10	13:17:40	781143	39.13282871246338	117.3448634147644	0.00	9.89	342.57	GCR7884	0.0	2000
2017-10-10	13:17:40	781143	39.13285553455353	117.3448634147644	0.00	9.89	342.57	GCR7884	0.0	2000
2017-10-10	13:17:41	781143	39.13287699222565	117.3448634147644	0.00	9.89	344.57	GCR7884	0.0	2000
2017-10-10	13:17:42	781143	39.132936000823975	117.3448634147644	0.00	9.89	353.56	GCR7884	0.0	2000
2017-10-10	13:17:43	781143	39.13296282291412	117.3448634147644	0.00	9.89	356.56	GCR7884	0.0	2000
2017-10-10	13:17:43	781143	39.13296282291412	117.3448634147644	0.00	9.89	356.56	GCR7884	0.0	2000
2017-10-10	13:17:43	781143	39.13298428058624	117.34487414360046	0.00	9.89	1.99	GCR7884	0.0	2000
2017-10-10	13:17:44	781143	39.13303256034851	117.34490633010864	0.00	9.89	7.99	GCR7884	0.0	2000
2017-10-10	13:17:45	781143	39.1330486536026	117.34492242336273	0.00	9.89	13.98	GCR7884	0.0	2000
2017-10-10	13:17:46	781143	39.13308620452881	117.344970703125	0.00	8.79	21.97	GCR7884	0.0	2000
2017-10-10	13:17:46	781143	39.1331022977829	117.34498143196106	0.00	8.79	24.97	GCR7884	0.0	2000
2017-10-10	13:17:47	781143	39.13311302661896	117.34499752521515	0.00	8.79	27.96	GCR7884	0.0	2000
2017-10-10	13:17:48	781143	39.133145213127136	117.34504580497742	0.00	8.79	35.95	GCR7884	0.0	2000
2017-10-10	13:17:49	781143	39.133182764053345	117.34510481357574	0.00	8.79	44.94	GCR7884	0.0	2000
2017-10-10	13:17:49	781143	39.133182764053345	117.34510481357574	0.00	8.79	44.94	GCR7884	0.0	2000
2017-10-10	13:17:50	781143	39.133193492889404	117.34513700008392	0.00	8.79	44.94	GCR7884	0.0	2000
2017-10-10	13:17:50	781143	39.133193492889404	117.34514236450195	0.00	8.79	46.94	GCR7884	0.0	2000
2017-10-10	13:17:51	781143	39.13322031497955	117.34517991542816	0.00	8.79	49.93	GCR7884	0.0	2000
2017-10-10	13:17:51	781143	39.13322031497955	117.34519600868225	0.00	8.79	52.93	GCR7884	0.0	2000
2017-10-10	13:17:52	781143	39.13323104381561	117.34521746635437	0.00	8.79	52.93	GCR7884	0.0	2000
2017-10-10	13:17:53	781143	39.13325250148773	117.34527111053467	0.00	9.89	55.93	GCR7884	0.0	2000
2017-10-10	13:17:54	781143	39.13325250148773	117.34527111053467	0.00	9.89	55.93	GCR7884	0.0	2000
2017-10-10	13:17:54	781143	39.13327395915985	117.34531939029694	0.00	8.79	52.93	GCR7884	0.0	2000
2017-10-10	13:17:59	781143	39.13347244262695	117.34551787376404	0.00	9.89	35.95	GCR7884	0.0	2000
2017-10-10	13:18:0	781143	39.13348317146301	117.34551787376404	0.00	8.79	32.96	GCR7884	0.0	2000
2017-10-10	13:18:3	781143	39.1336065530777	117.34556078910828	0.00	8.79	18.97	GCR7884	0.0	2000
2017-10-10	13:18:3	781143	39.13362801074982	117.34555006027222	0.00	8.79	13.98	GCR7884	0.0	2000
2017-10-10	13:18:4	781143	39.13362801074982	117.34555006027222	0.00	8.79	13.98	GCR7884	0.0	2000
2017-10-10	13:18:5	781143	39.13362801074982	117.34555006027222	0.00	8.79	13.98	GCR7884	0.0	2000
2017-10-10	13:18:5	781143	39.133692383766174	117.34556078910828	0.00	8.79	4.99	GCR7884	0.0	2000
2017-10-10	13:18:6	781143	39.13374602794647	117.34555006027222	0.00	8.79	0.00	GCR7884	0.0	2000
2017-10-10	13:18:6	781143	39.13376748561859	117.34551787376404	0.00	8.79	356.56	GCR7884	0.0	2000
2017-10-10	13:18:7	781143	39.13378894329071	117.34550178050995	0.00	8.79	353.56	GCR7884	0.0	2000
2017-10-10	13:18:7	781143	39.13381576538086	117.34550178050995	0.00	8.79	350.56	GCR7884	0.0	2000
2017-10-10	13:18:8	781143	39.13383185863495	117.34548568725586	0.00	9.89	344.57	GCR7884	0.0	2000
2017-10-10	13:18:9	781143	39.13383185863495	117.34548568725586	0.00	9.89	344.57	GCR7884	0.0	2000
2017-10-10	13:18:9	781143	39.13388013839722	117.34545886516571	0.00	9.89	339.58	GCR7884	0.0	2000
2017-10-10	13:18:9	781143	39.133906960487366	117.34544813632965	0.00	9.89	339.58	GCR7884	0.0	2000
2017-10-10	13:18:10	781143	39.133906960487366	117.34544813632965	0.00	9.89	339.58	GCR7884	0.0	2000
2017-10-10	13:18:10	781143	39.133917689323425	117.34543204307556	0.00	9.89	339.58	GCR7884	0.0	2000
2017-10-10	13:18:10	781143	39.133939146995544	117.34541594982147	0.00	9.89	336.58	GCR7884	0.0	2000
2017-10-10	13:18:11	781143	39.133960604667664	117.34540522098541	0.00	9.89	336.58	GCR7884	0.0	2000
2017-10-10	13:18:11	781143	39.13398742675781	117.34538912773132	0.00	9.89	336.58	GCR7884	0.0	2000
2017-10-10	13:18:13	781143	39.13403034210205	117.34535694122314	0.00	9.89	333.58	GCR7884	0.0	2000
2017-10-10	13:18:13	781143	39.13405179977417	117.34534084796906	0.00	10.99	333.58	GCR7884	0.0	2000
2017-10-10	13:18:13	781143	39.13407862186432	117.34532475471497	0.00	10.99	333.58	GCR7884	0.0	2000
2017-10-10	13:18:14	781143	39.13410544395447	117.34531939029694	0.00	10.99	333.58	GCR7884	0.0	2000
2017-10-10	13:18:14	781143	39.13412690162659	117.34530329704285	0.00	10.99	333.58	GCR7884	0.0	2000
2017-10-10	13:18:15	781143	39.134148359298706	117.34528720378876	0.00	10.99	333.58	GCR7884	0.0	2000
2017-10-10	13:18:16	781143	39.134169816970825	117.34527111053467	0.00	10.99	333.58	GCR7884	0.0	2000
2017-10-10	13:18:16	781143	39.134196639060974	117.34526038169861	0.00	10.99	333.58	GCR7884	0.0	2000
2017-10-10	13:18:16	781143	39.13421809673309	117.34524428844452	0.00	10.99	333.58	GCR7884	0.0	2000
2017-10-10	13:18:18	781143	39.13427174091339	117.34520673751831	0.00	10.99	333.58	GCR7884	0.0	2000
2017-10-10	13:18:19	781143	39.13427174091339	117.34520673751831	0.00	10.99	333.58	GCR7884	0.0	2000
2017-10-10	13:18:19	781143	39.13433074951172	117.34517455101013	0.00	10.99	333.58	GCR7884	0.0	2000
2017-10-10	13:18:19	781143	39.13434684276581	117.34516382217407	0.00	11.87	333.58	GCR7884	0.0	2000
2017-10-10	13:18:20	781143	39.13434684276581	117.34516382217407	0.00	11.87	333.58	GCR7884	0.0	2000
2017-10-10	13:18:20	781143	39.134395122528076	117.34513700008392	0.00	11.87	333.58	GCR7884	0.0	2000
2017-10-10	13:18:21	781143	39.134405851364136	117.34512090682983	0.00	11.87	333.58	GCR7884	0.0	2000
2017-10-10	13:18:21	781143	39.13446485996246	117.34508872032166	0.00	11.87	333.58	GCR7884	0.0	2000
2017-10-10	13:18:22	781143	39.13448631763458	117.34507262706757	0.00	11.87	333.58	GCR7884	0.0	2000
2017-10-10	13:18:23	781143	39.13456678390503	117.34502971172333	0.00	11.87	333.58	GCR7884	0.0	2000
2017-10-10	13:18:24	781143	39.13459360599518	117.34501361846924	0.00	12.96	333.58	GCR7884	0.0	2000
2017-10-10	13:18:24	781143	39.1346150636673	117.34499752521515	0.00	12.96	333.58	GCR7884	0.0	2000
2017-10-10	13:18:26	781143	39.134706258773804	117.34493851661682	0.00	12.96	333.58	GCR7884	0.0	2000
2017-10-10	13:18:26	781143	39.13472771644592	117.34492242336273	0.00	12.96	333.58	GCR7884	0.0	2000
2017-10-10	13:18:27	781143	39.13476526737213	117.34490633010864	0.00	12.96	333.58	GCR7884	0.0	2000
2017-10-10	13:18:28	781143	39.13480281829834	117.34487414360046	0.00	11.87	333.58	GCR7884	0.0	2000
2017-10-10	13:18:29	781143	39.13480281829834	117.34487414360046	0.00	11.87	333.58	GCR7884	0.0	2000
2017-10-10	13:18:29	781143	39.13484573364258	117.3448634147644	0.00	10.99	333.58	GCR7884	0.0	2000
2017-10-10	13:18:30	781143	39.13487792015076	117.34483122825623	0.00	10.99	333.58	GCR7884	0.0	2000
2017-10-10	13:18:30	781143	39.134894013404846	117.34483122825623	0.00	9.89	333.58	GCR7884	0.0	2000
2017-10-10	13:18:30	781143	39.134894013404846	117.34483122825623	0.00	9.89	333.58	GCR7884	0.0	2000
2017-10-10	13:18:31	781143	39.134910106658936	117.34481513500214	0.00	9.89	336.58	GCR7884	0.0	2000
2017-10-10	13:18:31	781143	39.134947657585144	117.34479904174805	0.00	9.89	339.58	GCR7884	0.0	2000
2017-10-10	13:18:32	781143	39.13496375083923	117.34479904174805	0.00	8.79	339.58	GCR7884	0.0	2000
2017-10-10	13:18:33	781143	39.13498520851135	117.34479904174805	0.00	8.79	342.57	GCR7884	0.0	2000
2017-10-10	13:18:33	781143	39.13500130176544	117.34479904174805	0.00	7.91	344.57	GCR7884	0.0	2000
2017-10-10	13:18:34	781143	39.13502812385559	117.34479904174805	0.00	7.91	347.56	GCR7884	0.0	2000
2017-10-10	13:18:34	781143	39.13502812385559	117.34479904174805	0.00	7.91	347.56	GCR7884	0.0	2000
2017-10-10	13:18:34	781143	39.13503348827362	117.34481513500214	0.00	6.81	350.56	GCR7884	0.0	2000
2017-10-10	13:18:34	781143	39.13504958152771	117.34481513500214	0.00	6.81	356.56	GCR7884	0.0	2000
2017-10-10	13:18:35	781143	39.13504958152771	117.34481513500214	0.00	6.81	356.56	GCR7884	0.0	2000
2017-10-10	13:18:35	781143	39.13506031036377	117.34483122825623	0.00	6.81	356.56	GCR7884	0.0	2000
2017-10-10	13:18:36	781143	39.13509249687195	117.34483122825623	0.00	6.81	4.99	GCR7884	0.0	2000
2017-10-10	13:18:36	781143	39.13509249687195	117.34484732151031	0.00	6.81	7.99	GCR7884	0.0	2000
2017-10-10	13:18:37	781143	39.13510322570801	117.3448634147644	0.00	6.81	10.99	GCR7884	0.0	2000
2017-10-10	13:18:38	781143	39.13513004779816	117.34487414360046	0.00	5.93	15.98	GCR7884	0.0	2000
2017-10-10	13:18:38	781143	39.13513541221619	117.34490633010864	0.00	5.93	18.97	GCR7884	0.0	2000
2017-10-10	13:18:38	781143	39.13513541221619	117.34490633010864	0.00	5.93	21.97	GCR7884	0.0	2000
2017-10-10	13:18:39	781143	39.13513541221619	117.34490633010864	0.00	5.93	21.97	GCR7884	0.0	2000
2017-10-10	13:18:39	781143	39.135146141052246	117.34492242336273	0.00	5.93	24.97	GCR7884	0.0	2000
2017-10-10	13:18:40	781143	39.135162234306335	117.34493851661682	0.00	5.93	27.96	GCR7884	0.0	2000
2017-10-10	13:18:40	781143	39.135162234306335	117.34493851661682	0.00	5.93	27.96	GCR7884	0.0	2000
2017-10-10	13:18:40	781143	39.135172963142395	117.344970703125	0.00	5.93	29.96	GCR7884	0.0	2000
2017-10-10	13:18:41	781143	39.135183691978455	117.34498143196106	0.00	5.93	32.96	GCR7884	0.0	2000
2017-10-10	13:18:41	781143	39.135194420814514	117.34499752521515	0.00	5.93	35.95	GCR7884	0.0	2000
2017-10-10	13:18:42	781143	39.1352105140686	117.34502971172333	0.00	5.93	41.95	GCR7884	0.0	2000
2017-10-10	13:18:43	781143	39.13521587848663	117.34504580497742	0.00	5.93	44.94	GCR7884	0.0	2000
2017-10-10	13:18:43	781143	39.13522660732269	117.3450618982315	0.00	6.81	44.94	GCR7884	0.0	2000
2017-10-10	13:18:44	781143	39.13522660732269	117.34507262706757	0.00	6.81	46.94	GCR7884	0.0	2000
2017-10-10	13:18:44	781143	39.13524270057678	117.34510481357574	0.00	6.81	49.93	GCR7884	0.0	2000
2017-10-10	13:18:45	781143	39.13524270057678	117.34510481357574	0.00	6.81	49.93	GCR7884	0.0	2000
2017-10-10	13:18:46	781143	39.1352641582489	117.34515845775604	0.00	6.81	55.93	GCR7884	0.0	2000
2017-10-10	13:18:46	781143	39.1352641582489	117.34517991542816	0.00	6.81	55.93	GCR7884	0.0	2000
2017-10-10	13:18:47	781143	39.13528025150299	117.34519600868225	0.00	6.81	58.93	GCR7884	0.0	2000
2017-10-10	13:18:47	781143	39.13528025150299	117.34521210193634	0.00	6.81	58.93	GCR7884	0.0	2000
2017-10-10	13:18:48	781143	39.13529098033905	117.34524965286255	0.00	6.81	60.92	GCR7884	0.0	2000
2017-10-10	13:18:49	781143	39.13529098033905	117.34524965286255	0.00	6.81	60.92	GCR7884	0.0	2000
2017-10-10	13:18:49	781143	39.13530170917511	117.34527111053467	0.00	6.81	60.92	GCR7884	0.0	2000
2017-10-10	13:18:49	781143	39.13531243801117	117.34528720378876	0.00	6.81	60.92	GCR7884	0.0	2000
2017-10-10	13:18:50	781143	39.13532316684723	117.34533548355103	0.00	6.81	60.92	GCR7884	0.0	2000
2017-10-10	13:18:51	781143	39.13533389568329	117.34537303447723	0.00	6.81	63.92	GCR7884	0.0	2000
2017-10-10	13:18:52	781143	39.13534462451935	117.34540522098541	0.00	6.81	63.92	GCR7884	0.0	2000
2017-10-10	13:18:53	781143	39.13536071777344	117.34542667865753	0.00	6.81	63.92	GCR7884	0.0	2000
2017-10-10	13:18:53	781143	39.13536071777344	117.34544813632965	0.00	6.81	63.92	GCR7884	0.0	2000
2017-10-10	13:18:53	781143	39.13536071777344	117.34544813632965	0.00	6.81	63.92	GCR7884	0.0	2000
2017-10-10	13:18:54	781143	39.1353714466095	117.34546422958374	0.00	6.81	63.92	GCR7884	0.0	2000
2017-10-10	13:18:55	781143	39.135392904281616	117.34550178050995	0.00	6.81	63.92	GCR7884	0.0	2000
2017-10-10	13:18:55	781143	39.135392904281616	117.34550178050995	0.00	6.81	63.92	GCR7884	0.0	2000
2017-10-10	13:18:55	781143	39.135392904281616	117.34551787376404	0.00	6.81	63.92	GCR7884	0.0	2000
2017-10-10	13:18:57	781143	39.135414361953735	117.34557688236237	0.00	6.81	63.92	GCR7884	0.0	2000
2017-10-10	13:18:57	781143	39.135414361953735	117.34559297561646	0.00	5.93	63.92	GCR7884	0.0	2000
2017-10-10	13:18:58	781143	39.135425090789795	117.34560906887054	0.00	5.93	63.92	GCR7884	0.0	2000
2017-10-10	13:18:58	781143	39.135425090789795	117.34562516212463	0.00	5.93	63.92	GCR7884	0.0	2000
2017-10-10	13:18:58	781143	39.135425090789795	117.34562516212463	0.00	5.93	63.92	GCR7884	0.0	2000
2017-10-10	13:18:59	781143	39.135435819625854	117.34565734863281	0.00	5.93	63.92	GCR7884	0.0	2000
2017-10-10	13:19:0	781143	39.135451912879944	117.34566807746887	0.00	5.93	63.92	GCR7884	0.0	2000
2017-10-10	13:19:0	781143	39.135451912879944	117.34566807746887	0.00	5.93	63.92	GCR7884	0.0	2000
2017-10-10	13:19:1	781143	39.135462641716	117.34571635723114	0.00	5.93	63.92	GCR7884	0.0	2000
2017-10-10	13:19:2	781143	39.13547873497009	117.34574854373932	0.00	5.93	63.92	GCR7884	0.0	2000
2017-10-10	13:19:2	781143	39.13547873497009	117.34575927257538	0.00	5.93	63.92	GCR7884	0.0	2000
2017-10-10	13:19:3	781143	39.13547873497009	117.34575927257538	0.00	5.93	63.92	GCR7884	0.0	2000
2017-10-10	13:19:4	781143	39.13550019264221	117.34582364559174	0.00	5.93	63.92	GCR7884	0.0	2000
2017-10-10	13:19:5	781143	39.13550019264221	117.34582364559174	0.00	5.93	63.92	GCR7884	0.0	2000
2017-10-10	13:19:7	781143	39.13553237915039	117.34588265419006	0.00	4.83	63.92	GCR7884	0.0	2000
2017-10-10	13:19:8	781143	39.13554310798645	117.34590411186218	0.00	3.96	63.92	GCR7884	0.0	2000
2017-10-10	13:19:9	781143	39.13554310798645	117.34592020511627	0.00	3.96	63.92	GCR7884	0.0	2000
2017-10-10	13:19:10	781143	39.13554310798645	117.34592020511627	0.00	3.96	63.92	GCR7884	0.0	2000
2017-10-10	13:19:11	781143	39.13555383682251	117.34595239162445	0.00	2.86	63.92	GCR7884	0.0	2000
2017-10-10	13:19:12	781143	39.13555383682251	117.34596848487854	0.00	2.86	63.92	GCR7884	0.0	2000
2017-10-10	13:19:13	781143	39.13556456565857	117.34596848487854	0.00	1.98	63.92	GCR7884	0.0	2000
2017-10-10	13:19:13	781143	39.13556456565857	117.34596848487854	0.00	1.98	63.92	GCR7884	0.0	2000
2017-10-10	13:19:21	781143	39.13558065891266	117.34603822231293	0.00	0.88	63.92	GCR7884	0.0	2000
2017-10-10	13:19:26	781143	39.13558065891266	117.34603822231293	0.00	0.00	63.92	GCR7884	0.0	2000
2017-10-10	13:19:31	781143	39.13558065891266	117.34603822231293	0.00	0.00	63.92	GCR7884	0.0	2000
2017-10-10	13:19:40	781143	39.13558065891266	117.34603822231293	0.00	0.00	63.92	GCR7884	0.0	2000