日期              时间       飞机地址           纬度                  经度                                高度          地速     航向    航班号 爬升率 识别代码
2017-10-10	13:0:0	780443	39.12739455699921	116.77296280860901	4495.80	411.33	13.98	CHH7278	-318.75	3302
2017-10-10	13:0:0	780443	39.12812411785126	116.77319884300232	4495.80	411.33	13.98	CHH7278	-318.75	3302
2017-10-10	13:0:0	780443	39.12924528121948	116.77355825901031	4495.80	411.33	13.98	CHH7278	-318.75	3302
2017-10-10	13:0:0	780443	39.12924528121948	116.77355825901031	4495.80	411.33	13.98	CHH7278	-381.25	3302
2017-10-10	13:0:1	780443	39.12999629974365	116.77379965782166	4495.80	411.33	13.98	CHH7278	-381.25	3302
2017-10-10	13:0:1	780443	39.12999629974365	116.77379965782166	4495.80	411.33	13.98	CHH7278	-381.25	3302
2017-10-10	13:0:1	780443	39.12999629974365	116.77379965782166	4495.80	411.33	13.98	CHH7278	-443.75	3302
2017-10-10	13:0:2	780443	39.13183093070984	116.77445948123932	4495.80	411.33	13.98	CHH7278	-443.75	3302
2017-10-10	13:0:2	780443	39.13183093070984	116.77445948123932	4495.80	411.33	13.98	CHH7278	-443.75	3302
2017-10-10	13:0:2	780443	39.13183093070984	116.77445948123932	4495.80	411.33	13.98	CHH7278	-443.75	3302
2017-10-10	13:0:2	780443	39.13256585597992	116.77469551563263	4495.80	411.33	13.98	CHH7278	-443.75	3302
2017-10-10	13:0:2	780443	39.13256585597992	116.77469551563263	4495.80	411.33	13.98	CHH7278	-443.75	3302
2017-10-10	13:0:3	780443	39.133670926094055	116.77502274513245	4488.18	411.33	13.98	CHH7278	-443.75	3302
2017-10-10	13:0:3	780443	39.133670926094055	116.77502274513245	4488.18	411.33	13.98	CHH7278	-443.75	3302
2017-10-10	13:0:3	780443	39.134416580200195	116.77526414394379	4488.18	411.33	13.98	CHH7278	-443.75	3302
2017-10-10	13:0:3	780443	39.134416580200195	116.77526414394379	4488.18	411.33	13.98	CHH7278	-506.25	3302
2017-10-10	13:0:4	780443	39.13554310798645	116.7756450176239	4488.18	411.33	13.98	CHH7278	-506.25	3302
2017-10-10	13:0:4	780443	39.13554310798645	116.7756450176239	4488.18	411.33	13.98	CHH7278	-506.25	3302
2017-10-10	13:0:4	780443	39.1362726688385	116.77589178085327	4488.18	411.33	13.98	CHH7278	-506.25	3302
2017-10-10	13:0:5	780443	39.1362726688385	116.77589178085327	4488.18	411.33	13.98	CHH7278	-506.25	3302
2017-10-10	13:0:5	780443	39.13700759410858	116.77612781524658	4488.18	411.33	13.98	CHH7278	-506.25	3302
2017-10-10	13:0:5	780443	39.13700759410858	116.77612781524658	4488.18	411.33	13.98	CHH7278	-506.25	3302
2017-10-10	13:0:5	780443	39.13700759410858	116.77612781524658	4488.18	411.33	13.98	CHH7278	-506.25	3302
2017-10-10	13:0:5	780443	39.13773715496063	116.77642822265625	4488.18	411.33	13.98	CHH7278	-506.25	3302
2017-10-10	13:0:5	780443	39.13773715496063	116.77642822265625	4488.18	411.33	13.98	CHH7278	-506.25	3302
2017-10-10	13:0:5	780443	39.13847208023071	116.77666425704956	4480.56	411.33	13.98	CHH7278	-506.25	3302
2017-10-10	13:0:6	780443	39.13847208023071	116.77666425704956	4480.56	411.33	13.98	CHH7278	-506.25	3302
2017-10-10	13:0:6	780443	39.13958251476288	116.77703440189362	4480.56	411.33	13.98	CHH7278	-506.25	3302
2017-10-10	13:0:6	780443	39.13958251476288	116.77703440189362	4480.56	411.33	13.98	CHH7278	-575.0	3302
2017-10-10	13:0:7	780443	39.13958251476288	116.77703440189362	4480.56	411.33	13.98	CHH7278	-575.0	3302
2017-10-10	13:0:7	780443	39.14181411266327	116.7777693271637	4480.56	411.33	13.98	CHH7278	-575.0	3302
2017-10-10	13:0:7	780443	39.14181411266327	116.7777693271637	4480.56	411.33	13.98	CHH7278	-575.0	3302
2017-10-10	13:0:8	780443	39.14181411266327	116.7777693271637	4480.56	411.33	13.98	CHH7278	-575.0	3302
2017-10-10	13:0:8	780443	39.143643379211426	116.77839159965515	4480.56	411.33	13.98	CHH7278	-575.0	3302
2017-10-10	13:0:8	780443	39.143643379211426	116.77839159965515	4480.56	411.33	13.98	CHH7278	-575.0	3302
2017-10-10	13:0:9	780443	39.143643379211426	116.77839159965515	4480.56	411.33	13.98	CHH7278	-575.0	3302
2017-10-10	13:0:9	780443	39.145156145095825	116.77887439727783	4472.94	411.33	13.98	CHH7278	-575.0	3302
2017-10-10	13:0:9	780443	39.145156145095825	116.77887439727783	4472.94	412.43	14.98	CHH7278	-575.0	3302
2017-10-10	13:0:10	780443	39.145885705947876	116.7791748046875	4472.94	412.43	14.98	CHH7278	-575.0	3302
2017-10-10	13:0:10	780443	39.145885705947876	116.7791748046875	4472.94	412.43	14.98	CHH7278	-575.0	3302
2017-10-10	13:0:10	780443	39.145885705947876	116.7791748046875	4472.94	412.43	14.98	CHH7278	-575.0	3302
2017-10-10	13:0:10	780443	39.145885705947876	116.7791748046875	4472.94	412.43	14.98	CHH7278	-575.0	3302
2017-10-10	13:0:10	780443	39.14698541164398	116.77953958511353	4472.94	412.43	14.98	CHH7278	-575.0	3302
2017-10-10	13:0:10	780443	39.14698541164398	116.77953958511353	4472.94	411.33	14.98	CHH7278	-575.0	3302
2017-10-10	13:0:11	780443	39.14808511734009	116.77995264530182	4472.94	411.33	14.98	CHH7278	-575.0	3302
2017-10-10	13:0:11	780443	39.14808511734009	116.77995264530182	4472.94	411.33	14.98	CHH7278	-575.0	3302
2017-10-10	13:0:11	780443	39.14881467819214	116.78018867969513	4472.94	411.33	14.98	CHH7278	-575.0	3302
2017-10-10	13:0:11	780443	39.14881467819214	116.78018867969513	4472.94	412.43	14.98	CHH7278	-506.25	3302
2017-10-10	13:0:12	780443	39.149919748306274	116.78057491779327	4465.32	412.43	14.98	CHH7278	-506.25	3302
2017-10-10	13:0:12	780443	39.149919748306274	116.78057491779327	4465.32	412.43	14.98	CHH7278	-506.25	3302
2017-10-10	13:0:12	780443	39.150660037994385	116.78088068962097	4465.32	412.43	14.98	CHH7278	-506.25	3302
2017-10-10	13:0:12	780443	39.150660037994385	116.78088068962097	4465.32	412.43	15.98	CHH7278	-506.25	3302
2017-10-10	13:0:13	780443	39.150660037994385	116.78088068962097	4465.32	412.43	15.98	CHH7278	-506.25	3302
2017-10-10	13:0:13	780443	39.150660037994385	116.78088068962097	4465.32	411.33	15.98	CHH7278	-506.25	3302
2017-10-10	13:0:14	780443	39.15359437465668	116.78198039531708	4465.32	411.33	15.98	CHH7278	-506.25	3302
2017-10-10	13:0:14	780443	39.15359437465668	116.78198039531708	4465.32	411.33	15.98	CHH7278	-506.25	3302
2017-10-10	13:0:14	780443	39.15359437465668	116.78198039531708	4465.32	411.33	15.98	CHH7278	-506.25	3302
2017-10-10	13:0:14	780443	39.15434002876282	116.78228616714478	4465.32	411.33	15.98	CHH7278	-506.25	3302
2017-10-10	13:0:14	780443	39.15434002876282	116.78228616714478	4465.32	412.43	15.98	CHH7278	-506.25	3302
2017-10-10	13:0:14	780443	39.15508568286896	116.78259193897247	4457.70	412.43	15.98	CHH7278	-506.25	3302
2017-10-10	13:0:15	780443	39.15508568286896	116.78259193897247	4457.70	412.43	15.98	CHH7278	-506.25	3302
2017-10-10	13:0:15	780443	39.15508568286896	116.78259193897247	4457.70	412.43	15.98	CHH7278	-506.25	3302
2017-10-10	13:0:15	780443	39.15652334690094	116.78313910961151	4457.70	412.43	15.98	CHH7278	-506.25	3302
2017-10-10	13:0:16	780443	39.15652334690094	116.78313910961151	4457.70	412.43	16.97	CHH7278	-506.25	3302
2017-10-10	13:0:16	780443	39.15652334690094	116.78313910961151	4457.70	412.43	16.97	CHH7278	-506.25	3302
2017-10-10	13:0:17	780443	39.15652334690094	116.78313910961151	4457.70	412.43	16.97	CHH7278	-506.25	3302
2017-10-10	13:0:17	780443	39.15945768356323	116.7843621969223	4457.70	412.43	16.97	CHH7278	-506.25	3302
2017-10-10	13:0:17	780443	39.15945768356323	116.7843621969223	4457.70	412.43	17.97	CHH7278	-506.25	3302
2017-10-10	13:0:17	780443	39.16053593158722	116.78478598594666	4450.08	412.43	17.97	CHH7278	-506.25	3302
2017-10-10	13:0:18	780443	39.16126549243927	116.78514540195465	4450.08	412.43	17.97	CHH7278	-506.25	3302
2017-10-10	13:0:18	780443	39.16126549243927	116.78514540195465	4450.08	412.43	17.97	CHH7278	-506.25	3302
2017-10-10	13:0:18	780443	39.16126549243927	116.78514540195465	4450.08	412.43	17.97	CHH7278	-506.25	3302
2017-10-10	13:0:18	780443	39.16200041770935	116.78544580936432	4450.08	412.43	17.97	CHH7278	-506.25	3302
2017-10-10	13:0:18	780443	39.16200041770935	116.78544580936432	4450.08	412.43	17.97	CHH7278	-506.25	3302
2017-10-10	13:0:19	780443	39.1630893945694	116.78588569164276	4450.08	412.43	17.97	CHH7278	-506.25	3302
2017-10-10	13:0:19	780443	39.1630893945694	116.78588569164276	4450.08	412.43	17.97	CHH7278	-506.25	3302
2017-10-10	13:0:19	780443	39.1630893945694	116.78588569164276	4450.08	412.43	18.97	CHH7278	-506.25	3302
2017-10-10	13:0:20	780443	39.1630893945694	116.78588569164276	4450.08	412.43	18.97	CHH7278	-506.25	3302
2017-10-10	13:0:20	780443	39.1630893945694	116.78588569164276	4450.08	412.43	18.97	CHH7278	-506.25	3302
2017-10-10	13:0:20	780443	39.16523516178131	116.78686201572418	4450.08	412.43	18.97	CHH7278	-506.25	3302
2017-10-10	13:0:20	780443	39.16598081588745	116.78722679615021	4442.46	412.43	18.97	CHH7278	-506.25	3302
2017-10-10	13:0:21	780443	39.16667819023132	116.7875325679779	4442.46	412.43	18.97	CHH7278	-506.25	3302
2017-10-10	13:0:21	780443	39.16667819023132	116.7875325679779	4442.46	412.43	18.97	CHH7278	-506.25	3302
2017-10-10	13:0:21	780443	39.16776716709137	116.78806900978088	4442.46	412.43	18.97	CHH7278	-506.25	3302
2017-10-10	13:0:22	780443	39.16850209236145	116.78836405277252	4442.46	412.43	18.97	CHH7278	-506.25	3302
2017-10-10	13:0:22	780443	39.16850209236145	116.78836405277252	4442.46	412.43	18.97	CHH7278	-506.25	3302
2017-10-10	13:0:22	780443	39.16850209236145	116.78836405277252	4442.46	412.43	18.97	CHH7278	-506.25	3302
2017-10-10	13:0:22	780443	39.16918873786926	116.78872346878052	4442.46	412.43	18.97	CHH7278	-506.25	3302
2017-10-10	13:0:22	780443	39.16918873786926	116.78872346878052	4442.46	412.43	19.97	CHH7278	-506.25	3302
2017-10-10	13:0:23	780443	39.16918873786926	116.78872346878052	4442.46	412.43	19.97	CHH7278	-506.25	3302
2017-10-10	13:0:23	780443	39.17025625705719	116.7892438173294	4442.46	412.43	19.97	CHH7278	-506.25	3302
2017-10-10	13:0:23	780443	39.17100727558136	116.78960859775543	4442.46	412.43	19.97	CHH7278	-506.25	3302
2017-10-10	13:0:23	780443	39.17100727558136	116.78960859775543	4442.46	412.43	19.97	CHH7278	-506.25	3302
2017-10-10	13:0:24	780443	39.17100727558136	116.78960859775543	4442.46	412.43	19.97	CHH7278	-506.25	3302
2017-10-10	13:0:24	780443	39.17206943035126	116.79009675979614	4434.84	412.43	19.97	CHH7278	-506.25	3302
2017-10-10	13:0:24	780443	39.17206943035126	116.79009675979614	4434.84	412.43	19.97	CHH7278	-506.25	3302
2017-10-10	13:0:24	780443	39.173147678375244	116.79064929485321	4434.84	412.43	19.97	CHH7278	-506.25	3302
2017-10-10	13:0:25	780443	39.173147678375244	116.79064929485321	4434.84	412.43	19.97	CHH7278	-506.25	3302
2017-10-10	13:0:25	780443	39.173845052719116	116.79101407527924	4434.84	412.43	19.97	CHH7278	-506.25	3302
2017-10-10	13:0:25	780443	39.173845052719116	116.79101407527924	4434.84	412.43	19.97	CHH7278	-506.25	3302
2017-10-10	13:0:25	780443	39.174590706825256	116.79137885570526	4434.84	412.43	19.97	CHH7278	-506.25	3302
2017-10-10	13:0:25	780443	39.174590706825256	116.79137885570526	4434.84	411.33	20.97	CHH7278	-443.75	3302
2017-10-10	13:0:26	780443	39.17528808116913	116.79168462753296	4434.84	411.33	20.97	CHH7278	-443.75	3302
2017-10-10	13:0:26	780443	39.17528808116913	116.79168462753296	4434.84	411.33	20.97	CHH7278	-443.75	3302
2017-10-10	13:0:26	780443	39.17528808116913	116.79168462753296	4434.84	411.33	20.97	CHH7278	-443.75	3302
2017-10-10	13:0:26	780443	39.17528808116913	116.79168462753296	4434.84	412.43	20.97	CHH7278	-443.75	3302
2017-10-10	13:0:27	780443	39.17705833911896	116.79260730743408	4434.84	412.43	20.97	CHH7278	-443.75	3302
2017-10-10	13:0:27	780443	39.17705833911896	116.79260730743408	4434.84	412.43	20.97	CHH7278	-443.75	3302
2017-10-10	13:0:27	780443	39.17779326438904	116.79296672344208	4434.84	412.43	20.97	CHH7278	-443.75	3302
2017-10-10	13:0:27	780443	39.17779326438904	116.79296672344208	4434.84	412.43	20.97	CHH7278	-443.75	3302
2017-10-10	13:0:28	780443	39.178871512413025	116.79351389408112	4427.22	412.43	20.97	CHH7278	-443.75	3302
2017-10-10	13:0:28	780443	39.178871512413025	116.79351389408112	4427.22	412.43	20.97	CHH7278	-443.75	3302
2017-10-10	13:0:28	780443	39.1795688867569	116.79381966590881	4427.22	412.43	20.97	CHH7278	-443.75	3302
2017-10-10	13:0:28	780443	39.1795688867569	116.79381966590881	4427.22	411.33	20.97	CHH7278	-506.25	3302
2017-10-10	13:0:29	780443	39.180631041526794	116.79439902305603	4427.22	411.33	20.97	CHH7278	-506.25	3302
2017-10-10	13:0:29	780443	39.180631041526794	116.79439902305603	4427.22	411.33	20.97	CHH7278	-506.25	3302
2017-10-10	13:0:29	780443	39.181365966796875	116.7946994304657	4427.22	411.33	20.97	CHH7278	-506.25	3302
2017-10-10	13:0:29	780443	39.181365966796875	116.7946994304657	4427.22	412.43	19.97	CHH7278	-506.25	3302
2017-10-10	13:0:30	780443	39.181365966796875	116.7946994304657	4427.22	412.43	19.97	CHH7278	-506.25	3302
2017-10-10	13:0:30	780443	39.181365966796875	116.7946994304657	4427.22	412.43	19.97	CHH7278	-506.25	3302
2017-10-10	13:0:30	780443	39.18241202831268	116.79522514343262	4427.22	412.43	19.97	CHH7278	-506.25	3302
2017-10-10	13:0:30	780443	39.18241202831268	116.79522514343262	4427.22	412.43	19.97	CHH7278	-506.25	3302
2017-10-10	13:0:30	780443	39.18241202831268	116.79522514343262	4427.22	410.45	19.97	CHH7278	-506.25	3302
2017-10-10	13:0:30	780443	39.18315768241882	116.79558992385864	4427.22	410.45	19.97	CHH7278	-506.25	3302
2017-10-10	13:0:30	780443	39.18315768241882	116.79558992385864	4427.22	410.45	19.97	CHH7278	-506.25	3302
2017-10-10	13:0:30	780443	39.183855056762695	116.79595470428467	4419.60	410.45	19.97	CHH7278	-506.25	3302
2017-10-10	13:0:31	780443	39.18493330478668	116.79643213748932	4419.60	410.45	19.97	CHH7278	-506.25	3302
2017-10-10	13:0:31	780443	39.18493330478668	116.79643213748932	4419.60	410.45	19.97	CHH7278	-506.25	3302
2017-10-10	13:0:31	780443	39.185619950294495	116.79678618907928	4419.60	410.45	19.97	CHH7278	-506.25	3302
2017-10-10	13:0:32	780443	39.185619950294495	116.79678618907928	4419.60	410.45	19.97	CHH7278	-506.25	3302
2017-10-10	13:0:32	780443	39.186354875564575	116.79708659648895	4419.60	410.45	19.97	CHH7278	-506.25	3302
2017-10-10	13:0:32	780443	39.18743848800659	116.79754257202148	4419.60	410.45	19.97	CHH7278	-506.25	3302
2017-10-10	13:0:32	780443	39.18743848800659	116.79754257202148	4419.60	411.33	18.97	CHH7278	-575.0	3302
2017-10-10	13:0:33	780443	39.18818414211273	116.79790735244751	4411.98	411.33	18.97	CHH7278	-575.0	3302
2017-10-10	13:0:33	780443	39.18818414211273	116.79790735244751	4411.98	411.33	18.97	CHH7278	-575.0	3302
2017-10-10	13:0:33	780443	39.18818414211273	116.79790735244751	4411.98	410.45	17.97	CHH7278	-637.5	3302
2017-10-10	13:0:34	780443	39.18818414211273	116.79790735244751	4411.98	410.45	17.97	CHH7278	-637.5	3302
2017-10-10	13:0:34	780443	39.18997049331665	116.79863691329956	4411.98	410.45	17.97	CHH7278	-637.5	3302
2017-10-10	13:0:34	780443	39.18997049331665	116.79863691329956	4411.98	410.45	17.97	CHH7278	-637.5	3302
2017-10-10	13:0:34	780443	39.1907000541687	116.79893732070923	4411.98	410.45	17.97	CHH7278	-637.5	3302
2017-10-10	13:0:34	780443	39.1907000541687	116.79893732070923	4411.98	410.45	16.97	CHH7278	-637.5	3302
2017-10-10	13:0:35	780443	39.19176757335663	116.79937720298767	4411.98	410.45	16.97	CHH7278	-637.5	3302
2017-10-10	13:0:35	780443	39.19176757335663	116.79937720298767	4411.98	410.45	16.97	CHH7278	-637.5	3302
2017-10-10	13:0:35	780443	39.19176757335663	116.79937720298767	4411.98	410.45	15.98	CHH7278	-637.5	3302
2017-10-10	13:0:36	780443	39.19325888156891	116.79992437362671	4404.36	410.45	15.98	CHH7278	-637.5	3302
2017-10-10	13:0:36	780443	39.19325888156891	116.79992437362671	4404.36	410.45	15.98	CHH7278	-637.5	3302
2017-10-10	13:0:36	780443	39.194363951683044	116.80031061172485	4404.36	410.45	15.98	CHH7278	-637.5	3302
2017-10-10	13:0:36	780443	39.194363951683044	116.80031061172485	4404.36	408.47	14.98	CHH7278	-700.0	3302
2017-10-10	13:0:37	780443	39.194363951683044	116.80031061172485	4404.36	408.47	14.98	CHH7278	-700.0	3302
2017-10-10	13:0:37	780443	39.19544756412506	116.80065393447876	4404.36	408.47	14.98	CHH7278	-700.0	3302
2017-10-10	13:0:38	780443	39.19544756412506	116.80065393447876	4404.36	408.47	14.98	CHH7278	-700.0	3302
2017-10-10	13:0:38	780443	39.19544756412506	116.80065393447876	4404.36	408.47	13.98	CHH7278	-700.0	3302
2017-10-10	13:0:38	780443	39.19729292392731	116.80126547813416	4396.74	408.47	13.98	CHH7278	-700.0	3302
2017-10-10	13:0:38	780443	39.198376536369324	116.80157124996185	4396.74	408.47	13.98	CHH7278	-700.0	3302
2017-10-10	13:0:39	780443	39.199122190475464	116.80181801319122	4396.74	408.47	13.98	CHH7278	-700.0	3302
2017-10-10	13:0:39	780443	39.199122190475464	116.80181801319122	4396.74	407.37	12.98	CHH7278	-700.0	3302
2017-10-10	13:0:39	780443	39.20022189617157	116.80209696292877	4396.74	407.37	12.98	CHH7278	-700.0	3302
2017-10-10	13:0:39	780443	39.20022189617157	116.80209696292877	4396.74	407.37	12.98	CHH7278	-700.0	3302
2017-10-10	13:0:40	780443	39.20099973678589	116.80227935314178	4396.74	407.37	12.98	CHH7278	-700.0	3302
2017-10-10	13:0:40	780443	39.20099973678589	116.80227935314178	4396.74	407.37	10.99	CHH7278	-637.5	3302
2017-10-10	13:0:40	780443	39.202104806900024	116.80254757404327	4389.12	407.37	10.99	CHH7278	-637.5	3302
2017-10-10	13:0:41	780443	39.202104806900024	116.80254757404327	4389.12	406.49	9.99	CHH7278	-575.0	3302
2017-10-10	13:0:41	780443	39.202104806900024	116.80254757404327	4389.12	406.49	9.99	CHH7278	-575.0	3302
2017-10-10	13:0:41	780443	39.2031991481781	116.80275678634644	4389.12	406.49	9.99	CHH7278	-575.0	3302
2017-10-10	13:0:41	780443	39.20397698879242	116.80293917655945	4389.12	406.49	9.99	CHH7278	-575.0	3302
2017-10-10	13:0:41	780443	39.20397698879242	116.80293917655945	4389.12	406.49	9.99	CHH7278	-575.0	3302
2017-10-10	13:0:41	780443	39.20397698879242	116.80293917655945	4389.12	406.49	9.99	CHH7278	-575.0	3302
2017-10-10	13:0:42	780443	39.20397698879242	116.80293917655945	4389.12	406.49	8.99	CHH7278	-506.25	3302
2017-10-10	13:0:42	780443	39.20397698879242	116.80293917655945	4389.12	406.49	8.99	CHH7278	-506.25	3302
2017-10-10	13:0:42	780443	39.205082058906555	116.80315911769867	4389.12	406.49	8.99	CHH7278	-506.25	3302
2017-10-10	13:0:42	780443	39.205082058906555	116.80315911769867	4389.12	405.40	7.99	CHH7278	-506.25	3302
2017-10-10	13:0:42	780443	39.205082058906555	116.80315911769867	4389.12	405.40	7.99	CHH7278	-506.25	3302
2017-10-10	13:0:43	780443	39.205827713012695	116.80328249931335	4389.12	405.40	7.99	CHH7278	-506.25	3302
2017-10-10	13:0:43	780443	39.205827713012695	116.80328249931335	4389.12	405.40	7.99	CHH7278	-506.25	3302
2017-10-10	13:0:43	780443	39.20695424079895	116.8034702539444	4389.12	405.40	7.99	CHH7278	-506.25	3302
2017-10-10	13:0:43	780443	39.207683801651	116.80359363555908	4381.50	405.40	7.99	CHH7278	-506.25	3302
2017-10-10	13:0:43	780443	39.207683801651	116.80359363555908	4381.50	404.30	5.99	CHH7278	-506.25	3302
2017-10-10	13:0:44	780443	39.207683801651	116.80359363555908	4381.50	404.30	5.99	CHH7278	-506.25	3302
2017-10-10	13:0:44	780443	39.208804965019226	116.80370628833771	4381.50	404.30	5.99	CHH7278	-506.25	3302
2017-10-10	13:0:44	780443	39.209550619125366	116.80382966995239	4381.50	404.30	5.99	CHH7278	-506.25	3302
2017-10-10	13:0:45	780443	39.209550619125366	116.80382966995239	4381.50	403.42	4.99	CHH7278	-443.75	3302
2017-10-10	13:0:45	780443	39.21066105365753	116.80389404296875	4381.50	403.42	4.99	CHH7278	-443.75	3302
2017-10-10	13:0:46	780443	39.21066105365753	116.80389404296875	4381.50	403.42	4.99	CHH7278	-443.75	3302
2017-10-10	13:0:46	780443	39.21066105365753	116.80389404296875	4381.50	403.42	3.99	CHH7278	-443.75	3302
2017-10-10	13:0:46	780443	39.21066105365753	116.80389404296875	4381.50	402.32	2.99	CHH7278	-443.75	3302
2017-10-10	13:0:47	780443	39.21066105365753	116.80389404296875	4381.50	402.32	2.99	CHH7278	-443.75	3302
2017-10-10	13:0:47	780443	39.21441614627838	116.80418908596039	4373.88	402.32	2.99	CHH7278	-443.75	3302
2017-10-10	13:0:47	780443	39.21441614627838	116.80418908596039	4373.88	401.44	0.99	CHH7278	-506.25	3302
2017-10-10	13:0:48	780443	39.21441614627838	116.80418908596039	4373.88	401.44	0.99	CHH7278	-506.25	3302
2017-10-10	13:0:48	780443	39.21625077724457	116.80419445037842	4373.88	401.44	0.99	CHH7278	-506.25	3302
2017-10-10	13:0:49	780443	39.21700179576874	116.80425882339478	4373.88	401.44	0.99	CHH7278	-506.25	3302
2017-10-10	13:0:49	780443	39.21700179576874	116.80425882339478	4373.88	400.34	0.00	CHH7278	-506.25	3302
2017-10-10	13:0:49	780443	39.21812295913696	116.80418908596039	4373.88	400.34	0.00	CHH7278	-506.25	3302
2017-10-10	13:0:49	780443	39.21812295913696	116.80418908596039	4373.88	400.34	0.00	CHH7278	-506.25	3302
2017-10-10	13:0:49	780443	39.21812295913696	116.80418908596039	4373.88	400.34	358.55	CHH7278	-506.25	3302
2017-10-10	13:0:49	780443	39.218852519989014	116.80418908596039	4373.88	400.34	358.55	CHH7278	-506.25	3302
2017-10-10	13:0:50	780443	39.218852519989014	116.80418908596039	4373.88	400.34	358.55	CHH7278	-506.25	3302
2017-10-10	13:0:50	780443	39.21997904777527	116.80413544178009	4366.26	400.34	358.55	CHH7278	-506.25	3302
2017-10-10	13:0:50	780443	39.22072470188141	116.80413544178009	4366.26	400.34	358.55	CHH7278	-506.25	3302
2017-10-10	13:0:51	780443	39.22142207622528	116.80407643318176	4366.26	400.34	358.55	CHH7278	-506.25	3302
2017-10-10	13:0:51	780443	39.22142207622528	116.80407643318176	4366.26	398.36	357.55	CHH7278	-506.25	3302
2017-10-10	13:0:51	780443	39.22216773033142	116.8040120601654	4366.26	398.36	357.55	CHH7278	-506.25	3302
2017-10-10	13:0:51	780443	39.22216773033142	116.8040120601654	4366.26	397.49	355.56	CHH7278	-506.25	3302
2017-10-10	13:0:52	780443	39.223294258117676	116.80395305156708	4366.26	397.49	355.56	CHH7278	-506.25	3302
2017-10-10	13:0:52	780443	39.223294258117676	116.80395305156708	4366.26	397.49	355.56	CHH7278	-506.25	3302
2017-10-10	13:0:52	780443	39.223294258117676	116.80395305156708	4366.26	397.49	354.56	CHH7278	-506.25	3302
2017-10-10	13:0:53	780443	39.22475874423981	116.80377066135406	4358.64	397.49	354.56	CHH7278	-506.25	3302
2017-10-10	13:0:53	780443	39.22475874423981	116.80377066135406	4358.64	397.49	354.56	CHH7278	-506.25	3302
2017-10-10	13:0:53	780443	39.22549366950989	116.80371701717377	4358.64	397.49	354.56	CHH7278	-506.25	3302
2017-10-10	13:0:53	780443	39.22549366950989	116.80371701717377	4358.64	395.51	353.56	CHH7278	-575.0	3302
2017-10-10	13:0:54	780443	39.22622323036194	116.80359363555908	4358.64	395.51	353.56	CHH7278	-575.0	3302
2017-10-10	13:0:54	780443	39.22622323036194	116.80359363555908	4358.64	395.51	353.56	CHH7278	-575.0	3302
2017-10-10	13:0:54	780443	39.22622323036194	116.80359363555908	4358.64	394.41	352.56	CHH7278	-700.0	3302
2017-10-10	13:0:54	780443	39.22622323036194	116.80359363555908	4358.64	394.41	352.56	CHH7278	-700.0	3302
2017-10-10	13:0:54	780443	39.228031039237976	116.80334150791168	4351.02	394.41	352.56	CHH7278	-700.0	3302
2017-10-10	13:0:55	780443	39.228031039237976	116.80334150791168	4351.02	394.41	352.56	CHH7278	-700.0	3302
2017-10-10	13:0:55	780443	39.228031039237976	116.80334150791168	4351.02	393.31	351.56	CHH7278	-831.25	3302
2017-10-10	13:0:55	780443	39.229838848114014	116.80299818515778	4351.02	393.31	351.56	CHH7278	-831.25	3302
2017-10-10	13:0:56	780443	39.229838848114014	116.80299818515778	4351.02	393.31	351.56	CHH7278	-831.25	3302
2017-10-10	13:0:56	780443	39.229838848114014	116.80299818515778	4351.02	392.43	349.56	CHH7278	-893.75	3302
2017-10-10	13:0:56	780443	39.229838848114014	116.80299818515778	4351.02	392.43	349.56	CHH7278	-893.75	3302
2017-10-10	13:0:56	780443	39.2316198348999	116.80261194705963	4343.40	392.43	349.56	CHH7278	-893.75	3302
2017-10-10	13:0:57	780443	39.2316198348999	116.80261194705963	4343.40	391.33	348.56	CHH7278	-1018.75	3302
2017-10-10	13:0:57	780443	39.23341155052185	116.80222034454346	4343.40	391.33	348.56	CHH7278	-1018.75	3302
2017-10-10	13:0:58	780443	39.23341155052185	116.80222034454346	4343.40	391.33	348.56	CHH7278	-1018.75	3302
2017-10-10	13:0:58	780443	39.2345005273819	116.80193603038788	4335.78	391.33	348.56	CHH7278	-1018.75	3302
2017-10-10	13:0:58	780443	39.2345005273819	116.80193603038788	4335.78	390.45	347.56	CHH7278	-1087.5	3302
2017-10-10	13:0:59	780443	39.235562682151794	116.80168390274048	4335.78	390.45	347.56	CHH7278	-1087.5	3302
2017-10-10	13:0:59	780443	39.235562682151794	116.80168390274048	4335.78	390.45	347.56	CHH7278	-1087.5	3302
2017-10-10	13:0:59	780443	39.235562682151794	116.80168390274048	4335.78	390.45	347.56	CHH7278	-1087.5	3302
2017-10-10	13:1:0	780443	39.23698425292969	116.80126547813416	4328.16	390.45	347.56	CHH7278	-1087.5	3302
2017-10-10	13:1:0	780443	39.23698425292969	116.80126547813416	4328.16	389.36	346.56	CHH7278	-1150.0	3302
2017-10-10	13:1:0	780443	39.23698425292969	116.80126547813416	4328.16	389.36	345.57	CHH7278	-1275.0	3302
2017-10-10	13:1:0	780443	39.23873841762543	116.80071830749512	4320.54	389.36	345.57	CHH7278	-1275.0	3302
2017-10-10	13:1:1	780443	39.23873841762543	116.80071830749512	4320.54	389.36	345.57	CHH7278	-1275.0	3302
2017-10-10	13:1:1	780443	39.24046039581299	116.80012822151184	4312.92	389.36	345.57	CHH7278	-1275.0	3302
2017-10-10	13:1:2	780443	39.2411470413208	116.79989218711853	4312.92	389.36	345.57	CHH7278	-1275.0	3302
2017-10-10	13:1:2	780443	39.2411470413208	116.79989218711853	4312.92	387.38	344.57	CHH7278	-1343.75	3302
2017-10-10	13:1:2	780443	39.24183368682861	116.79965078830719	4305.30	387.38	344.57	CHH7278	-1343.75	3302
2017-10-10	13:1:3	780443	39.24183368682861	116.79965078830719	4305.30	386.50	343.57	CHH7278	-1406.25	3302
2017-10-10	13:1:3	780443	39.24288511276245	116.79925382137299	4305.30	386.50	343.57	CHH7278	-1406.25	3302
2017-10-10	13:1:3	780443	39.24358248710632	116.79900705814362	4297.68	386.50	343.57	CHH7278	-1406.25	3302
2017-10-10	13:1:3	780443	39.24358248710632	116.79900705814362	4297.68	386.50	342.57	CHH7278	-1468.75	3302
2017-10-10	13:1:4	780443	39.24462854862213	116.79858326911926	4297.68	386.50	342.57	CHH7278	-1468.75	3302
2017-10-10	13:1:4	780443	39.24462854862213	116.79858326911926	4297.68	386.50	342.57	CHH7278	-1468.75	3302
2017-10-10	13:1:4	780443	39.245266914367676	116.79833650588989	4290.06	386.50	342.57	CHH7278	-1468.75	3302
2017-10-10	13:1:4	780443	39.245266914367676	116.79833650588989	4290.06	385.40	342.57	CHH7278	-1531.25	3302
2017-10-10	13:1:5	780443	39.245266914367676	116.79833650588989	4290.06	385.40	342.57	CHH7278	-1531.25	3302
2017-10-10	13:1:5	780443	39.2466402053833	116.79780542850494	4282.44	385.40	342.57	CHH7278	-1531.25	3302
2017-10-10	13:1:5	780443	39.2466402053833	116.79780542850494	4282.44	385.40	341.57	CHH7278	-1600.0	3302
2017-10-10	13:1:6	780443	39.24767553806305	116.79736018180847	4282.44	385.40	341.57	CHH7278	-1600.0	3302
2017-10-10	13:1:6	780443	39.24767553806305	116.79736018180847	4282.44	385.40	341.57	CHH7278	-1600.0	3302
2017-10-10	13:1:6	780443	39.24767553806305	116.79736018180847	4282.44	385.40	340.58	CHH7278	-1662.5	3302
2017-10-10	13:1:7	780443	39.24938678741455	116.79666817188263	4274.82	385.40	340.58	CHH7278	-1662.5	3302
2017-10-10	13:1:7	780443	39.24938678741455	116.79666817188263	4274.82	384.52	340.58	CHH7278	-1662.5	3302
2017-10-10	13:1:7	780443	39.25037920475006	116.79620146751404	4267.20	384.52	340.58	CHH7278	-1662.5	3302
2017-10-10	13:1:7	780443	39.25037920475006	116.79620146751404	4267.20	384.52	340.58	CHH7278	-1662.5	3302
2017-10-10	13:1:8	780443	39.25107657909393	116.79589569568634	4267.20	384.52	340.58	CHH7278	-1662.5	3302
2017-10-10	13:1:8	780443	39.25107657909393	116.79589569568634	4267.20	384.52	340.58	CHH7278	-1662.5	3302
2017-10-10	13:1:8	780443	39.25172567367554	116.79558992385864	4259.58	384.52	340.58	CHH7278	-1662.5	3302
2017-10-10	13:1:8	780443	39.25172567367554	116.79558992385864	4259.58	383.42	340.58	CHH7278	-1725.0	3302
2017-10-10	13:1:9	780443	39.25272881984711	116.79517149925232	4251.96	383.42	340.58	CHH7278	-1725.0	3302
2017-10-10	13:1:9	780443	39.25272881984711	116.79517149925232	4251.96	383.42	340.58	CHH7278	-1725.0	3302
2017-10-10	13:1:9	780443	39.25341546535492	116.79487109184265	4251.96	383.42	340.58	CHH7278	-1725.0	3302
2017-10-10	13:1:9	780443	39.25341546535492	116.79487109184265	4251.96	383.42	339.58	CHH7278	-1662.5	3302
2017-10-10	13:1:10	780443	39.25341546535492	116.79487109184265	4251.96	383.42	339.58	CHH7278	-1662.5	3302
2017-10-10	13:1:10	780443	39.25341546535492	116.79487109184265	4251.96	383.42	339.58	CHH7278	-1662.5	3302
2017-10-10	13:1:10	780443	39.25442397594452	116.79443120956421	4244.34	383.42	339.58	CHH7278	-1662.5	3302
2017-10-10	13:1:10	780443	39.25442397594452	116.79443120956421	4244.34	383.42	339.58	CHH7278	-1662.5	3302
2017-10-10	13:1:10	780443	39.25542712211609	116.79392158985138	4244.34	383.42	339.58	CHH7278	-1662.5	3302
2017-10-10	13:1:10	780443	39.25542712211609	116.79392158985138	4244.34	382.32	339.58	CHH7278	-1662.5	3302
2017-10-10	13:1:11	780443	39.25643026828766	116.79351389408112	4236.72	382.32	339.58	CHH7278	-1662.5	3302
2017-10-10	13:1:11	780443	39.25643026828766	116.79351389408112	4236.72	382.32	339.58	CHH7278	-1662.5	3302
2017-10-10	13:1:11	780443	39.25707936286926	116.79320812225342	4236.72	382.32	339.58	CHH7278	-1662.5	3302
2017-10-10	13:1:11	780443	39.25707936286926	116.79320812225342	4236.72	382.32	339.58	CHH7278	-1600.0	3302
2017-10-10	13:1:12	780443	39.25808250904083	116.79273068904877	4229.10	382.32	339.58	CHH7278	-1600.0	3302
2017-10-10	13:1:12	780443	39.258769154548645	116.79242491722107	4229.10	382.32	339.58	CHH7278	-1600.0	3302
2017-10-10	13:1:12	780443	39.258769154548645	116.79242491722107	4229.10	381.45	339.58	CHH7278	-1531.25	3302
2017-10-10	13:1:13	780443	39.259783029556274	116.7919260263443	4221.48	381.45	339.58	CHH7278	-1531.25	3302
2017-10-10	13:1:13	780443	39.26043212413788	116.79162561893463	4221.48	381.45	339.58	CHH7278	-1531.25	3302
2017-10-10	13:1:13	780443	39.26043212413788	116.79162561893463	4221.48	381.45	339.58	CHH7278	-1531.25	3302
2017-10-10	13:1:14	780443	39.26108121871948	116.79131984710693	4213.86	381.45	339.58	CHH7278	-1531.25	3302
2017-10-10	13:1:14	780443	39.261778593063354	116.79101407527924	4213.86	381.45	339.58	CHH7278	-1531.25	3302
2017-10-10	13:1:14	780443	39.261778593063354	116.79101407527924	4213.86	381.45	339.58	CHH7278	-1406.25	3302
2017-10-10	13:1:14	780443	39.261778593063354	116.79101407527924	4213.86	381.45	339.58	CHH7278	-1406.25	3302
2017-10-10	13:1:15	780443	39.261778593063354	116.79101407527924	4213.86	381.45	339.58	CHH7278	-1406.25	3302
2017-10-10	13:1:16	780443	39.261778593063354	116.79101407527924	4213.86	380.35	339.58	CHH7278	-1275.0	3302
2017-10-10	13:1:16	780443	39.26508843898773	116.78948521614075	4198.62	380.35	339.58	CHH7278	-1275.0	3302
2017-10-10	13:1:16	780443	39.26508843898773	116.78948521614075	4198.62	380.35	339.58	CHH7278	-1212.5	3302
2017-10-10	13:1:17	780443	39.26508843898773	116.78948521614075	4198.62	380.35	339.58	CHH7278	-1212.5	3302
2017-10-10	13:1:17	780443	39.26508843898773	116.78948521614075	4198.62	379.47	339.58	CHH7278	-1150.0	3302
2017-10-10	13:1:17	780443	39.26508843898773	116.78948521614075	4198.62	379.47	339.58	CHH7278	-1150.0	3302
2017-10-10	13:1:18	780443	39.267738461494446	116.78826749324799	4191.00	379.47	339.58	CHH7278	-1150.0	3302
2017-10-10	13:1:18	780443	39.26839292049408	116.78796172142029	4191.00	379.47	339.58	CHH7278	-1150.0	3302
2017-10-10	13:1:19	780443	39.26939070224762	116.7875325679779	4191.00	379.47	339.58	CHH7278	-1150.0	3302
2017-10-10	13:1:20	780443	39.26939070224762	116.7875325679779	4191.00	379.47	339.58	CHH7278	-1150.0	3302
2017-10-10	13:1:20	780443	39.27104830741882	116.7867386341095	4183.38	379.47	339.58	CHH7278	-1150.0	3302
2017-10-10	13:1:20	780443	39.27104830741882	116.7867386341095	4183.38	377.49	339.58	CHH7278	-893.75	3302
2017-10-10	13:1:21	780443	39.272732734680176	116.78604125976562	4183.38	377.49	339.58	CHH7278	-893.75	3302
2017-10-10	13:1:21	780443	39.272732734680176	116.78604125976562	4183.38	377.49	339.58	CHH7278	-831.25	3302
2017-10-10	13:1:21	780443	39.272732734680176	116.78604125976562	4183.38	377.49	339.58	CHH7278	-831.25	3302
2017-10-10	13:1:22	780443	39.272732734680176	116.78604125976562	4183.38	377.49	339.58	CHH7278	-831.25	3302
2017-10-10	13:1:22	780443	39.27505016326904	116.78496837615967	4175.76	377.49	339.58	CHH7278	-831.25	3302
2017-10-10	13:1:22	780443	39.27505016326904	116.78496837615967	4175.76	376.39	339.58	CHH7278	-700.0	3302
2017-10-10	13:1:22	780443	39.27569925785065	116.78466796875	4175.76	376.39	339.58	CHH7278	-700.0	3302
2017-10-10	13:1:24	780443	39.27569925785065	116.78466796875	4175.76	376.39	339.58	CHH7278	-700.0	3302
2017-10-10	13:1:24	780443	39.27569925785065	116.78466796875	4175.76	376.39	339.58	CHH7278	-700.0	3302
2017-10-10	13:1:24	780443	39.27730858325958	116.78394913673401	4175.76	376.39	339.58	CHH7278	-700.0	3302
2017-10-10	13:1:24	780443	39.277995228767395	116.78364872932434	4168.14	376.39	339.58	CHH7278	-700.0	3302
2017-10-10	13:1:24	780443	39.277995228767395	116.78364872932434	4168.14	376.39	339.58	CHH7278	-700.0	3302
2017-10-10	13:1:24	780443	39.277995228767395	116.78364872932434	4168.14	376.39	339.58	CHH7278	-700.0	3302
2017-10-10	13:1:24	780443	39.278960824012756	116.78319811820984	4168.14	376.39	339.58	CHH7278	-700.0	3302
2017-10-10	13:1:25	780443	39.278960824012756	116.78319811820984	4168.14	375.51	339.58	CHH7278	-637.5	3302
2017-10-10	13:1:25	780443	39.279963970184326	116.7827582359314	4168.14	375.51	339.58	CHH7278	-637.5	3302
2017-10-10	13:1:25	780443	39.279963970184326	116.7827582359314	4168.14	374.41	339.58	CHH7278	-637.5	3302
2017-10-10	13:1:26	780443	39.2806077003479	116.78245782852173	4168.14	374.41	339.58	CHH7278	-637.5	3302
2017-10-10	13:1:26	780443	39.2806077003479	116.78245782852173	4168.14	374.41	339.58	CHH7278	-637.5	3302
2017-10-10	13:1:26	780443	39.2816162109375	116.7820394039154	4168.14	374.41	339.58	CHH7278	-637.5	3302
2017-10-10	13:1:26	780443	39.282265305519104	116.78173363208771	4160.52	374.41	339.58	CHH7278	-637.5	3302
2017-10-10	13:1:27	780443	39.28291976451874	116.78142786026001	4160.52	374.41	339.58	CHH7278	-637.5	3302
2017-10-10	13:1:27	780443	39.28390145301819	116.78096652030945	4160.52	374.41	339.58	CHH7278	-637.5	3302
2017-10-10	13:1:27	780443	39.28390145301819	116.78096652030945	4160.52	372.44	339.58	CHH7278	-637.5	3302
2017-10-10	13:1:28	780443	39.28454518318176	116.78073048591614	4160.52	372.44	339.58	CHH7278	-637.5	3302
2017-10-10	13:1:28	780443	39.28454518318176	116.78073048591614	4160.52	371.34	339.58	CHH7278	-637.5	3302
2017-10-10	13:1:28	780443	39.285521507263184	116.78026914596558	4160.52	371.34	339.58	CHH7278	-637.5	3302
2017-10-10	13:1:28	780443	39.285521507263184	116.78026914596558	4160.52	371.34	339.58	CHH7278	-637.5	3302
2017-10-10	13:1:29	780443	39.286513924598694	116.77982926368713	4152.90	371.34	339.58	CHH7278	-637.5	3302
2017-10-10	13:1:29	780443	39.286513924598694	116.77982926368713	4152.90	371.34	339.58	CHH7278	-637.5	3302
2017-10-10	13:1:29	780443	39.286513924598694	116.77982926368713	4152.90	370.46	339.58	CHH7278	-637.5	3302
2017-10-10	13:1:29	780443	39.286513924598694	116.77982926368713	4152.90	370.46	339.58	CHH7278	-637.5	3302
2017-10-10	13:1:29	780443	39.28715229034424	116.77952885627747	4152.90	370.46	339.58	CHH7278	-637.5	3302
2017-10-10	13:1:30	780443	39.28812861442566	116.77911043167114	4152.90	370.46	339.58	CHH7278	-637.5	3302
2017-10-10	13:1:30	780443	39.28812861442566	116.77911043167114	4152.90	370.46	339.58	CHH7278	-637.5	3302
2017-10-10	13:1:31	780443	39.28878307342529	116.77880465984344	4152.90	370.46	339.58	CHH7278	-637.5	3302
2017-10-10	13:1:31	780443	39.28878307342529	116.77880465984344	4152.90	370.46	339.58	CHH7278	-637.5	3302
2017-10-10	13:1:31	780443	39.289759397506714	116.77839159965515	4152.90	370.46	339.58	CHH7278	-637.5	3302
2017-10-10	13:1:31	780443	39.289759397506714	116.77839159965515	4152.90	369.36	339.58	CHH7278	-637.5	3302
2017-10-10	13:1:31	780443	39.29040312767029	116.77809655666351	4145.28	369.36	339.58	CHH7278	-637.5	3302
2017-10-10	13:1:32	780443	39.29040312767029	116.77809655666351	4145.28	369.36	339.58	CHH7278	-637.5	3302
2017-10-10	13:1:32	780443	39.29040312767029	116.77809655666351	4145.28	368.48	339.58	CHH7278	-637.5	3302
2017-10-10	13:1:32	780443	39.291990995407104	116.77734017372131	4145.28	368.48	339.58	CHH7278	-637.5	3302
2017-10-10	13:1:33	780443	39.291990995407104	116.77734017372131	4145.28	368.48	339.58	CHH7278	-637.5	3302
2017-10-10	13:1:33	780443	39.291990995407104	116.77734017372131	4145.28	368.48	339.58	CHH7278	-637.5	3302
2017-10-10	13:1:33	780443	39.291990995407104	116.77734017372131	4145.28	368.48	339.58	CHH7278	-637.5	3302
2017-10-10	13:1:33	780443	39.291990995407104	116.77734017372131	4145.28	368.48	339.58	CHH7278	-637.5	3302
2017-10-10	13:1:33	780443	39.292967319488525	116.7769056558609	4145.28	368.48	339.58	CHH7278	-637.5	3302
2017-10-10	13:1:33	780443	39.292967319488525	116.7769056558609	4145.28	367.38	339.58	CHH7278	-700.0	3302
2017-10-10	13:1:33	780443	39.292967319488525	116.7769056558609	4145.28	367.38	339.58	CHH7278	-700.0	3302
2017-10-10	13:1:33	780443	39.29360568523407	116.77666425704956	4137.66	367.38	339.58	CHH7278	-700.0	3302
2017-10-10	13:1:34	780443	39.29360568523407	116.77666425704956	4137.66	367.38	339.58	CHH7278	-700.0	3302
2017-10-10	13:1:34	780443	39.29460346698761	116.77618145942688	4137.66	367.38	339.58	CHH7278	-700.0	3302
2017-10-10	13:1:34	780443	39.29460346698761	116.77618145942688	4137.66	367.38	339.58	CHH7278	-831.25	3302
2017-10-10	13:1:34	780443	39.295204281806946	116.77593469619751	4137.66	367.38	339.58	CHH7278	-831.25	3302
2017-10-10	13:1:35	780443	39.295204281806946	116.77593469619751	4137.66	367.38	339.58	CHH7278	-831.25	3302
2017-10-10	13:1:35	780443	39.295204281806946	116.77593469619751	4137.66	367.38	339.58	CHH7278	-831.25	3302
2017-10-10	13:1:35	780443	39.29616987705231	116.77547335624695	4130.04	367.38	339.58	CHH7278	-831.25	3302
2017-10-10	13:1:35	780443	39.29616987705231	116.77547335624695	4130.04	366.50	339.58	CHH7278	-956.25	3302
2017-10-10	13:1:35	780443	39.29681360721588	116.77523732185364	4130.04	366.50	339.58	CHH7278	-956.25	3302
2017-10-10	13:1:36	780443	39.29781675338745	116.77477598190308	4130.04	366.50	339.58	CHH7278	-956.25	3302
2017-10-10	13:1:36	780443	39.29781675338745	116.77477598190308	4130.04	365.41	339.58	CHH7278	-956.25	3302
2017-10-10	13:1:36	780443	39.29841756820679	116.77447021007538	4130.04	365.41	339.58	CHH7278	-956.25	3302
2017-10-10	13:1:37	780443	39.29841756820679	116.77447021007538	4130.04	364.53	339.58	CHH7278	-1018.75	3302
2017-10-10	13:1:38	780443	39.30032730102539	116.77361726760864	4122.42	364.53	339.58	CHH7278	-1018.75	3302
2017-10-10	13:1:38	780443	39.30032730102539	116.77361726760864	4122.42	364.53	339.58	CHH7278	-1018.75	3302
2017-10-10	13:1:38	780443	39.30129826068878	116.77319884300232	4114.80	364.53	339.58	CHH7278	-1018.75	3302
2017-10-10	13:1:38	780443	39.30129826068878	116.77319884300232	4114.80	363.43	339.58	CHH7278	-1018.75	3302
2017-10-10	13:1:39	780443	39.301936626434326	116.77289843559265	4114.80	363.43	339.58	CHH7278	-1018.75	3302
2017-10-10	13:1:39	780443	39.301936626434326	116.77289843559265	4114.80	363.43	339.58	CHH7278	-1018.75	3302
2017-10-10	13:1:39	780443	39.3025803565979	116.77260339260101	4114.80	363.43	339.58	CHH7278	-1018.75	3302
2017-10-10	13:1:39	780443	39.3025803565979	116.77260339260101	4114.80	362.55	339.58	CHH7278	-1087.5	3302
2017-10-10	13:1:39	780443	39.303218722343445	116.7723673582077	4114.80	362.55	339.58	CHH7278	-1087.5	3302
2017-10-10	13:1:40	780443	39.30414140224457	116.77191138267517	4107.18	362.55	339.58	CHH7278	-1087.5	3302
2017-10-10	13:1:40	780443	39.30414140224457	116.77191138267517	4107.18	361.45	339.58	CHH7278	-1150.0	3302
2017-10-10	13:1:41	780443	39.30414140224457	116.77191138267517	4107.18	361.45	339.58	CHH7278	-1150.0	3302
2017-10-10	13:1:41	780443	39.3060564994812	116.7710530757904	4099.56	361.45	339.58	CHH7278	-1150.0	3302
2017-10-10	13:1:41	780443	39.3060564994812	116.7710530757904	4099.56	360.35	339.58	CHH7278	-1212.5	3302
2017-10-10	13:1:41	780443	39.3060564994812	116.7710530757904	4099.56	360.35	339.58	CHH7278	-1212.5	3302
2017-10-10	13:1:42	780443	39.3060564994812	116.7710530757904	4099.56	360.35	339.58	CHH7278	-1212.5	3302
2017-10-10	13:1:42	780443	39.3060564994812	116.7710530757904	4099.56	357.50	339.58	CHH7278	-1275.0	3302
2017-10-10	13:1:43	780443	39.30825591087341	116.7700982093811	4091.94	357.50	339.58	CHH7278	-1275.0	3302
2017-10-10	13:1:43	780443	39.30825591087341	116.7700982093811	4091.94	357.50	339.58	CHH7278	-1275.0	3302
2017-10-10	13:1:43	780443	39.30889427661896	116.76979780197144	4091.94	357.50	339.58	CHH7278	-1275.0	3302
2017-10-10	13:1:43	780443	39.30889427661896	116.76979780197144	4091.94	357.50	339.58	CHH7278	-1275.0	3302
2017-10-10	13:1:44	780443	39.30889427661896	116.76979780197144	4091.94	357.50	339.58	CHH7278	-1275.0	3302
2017-10-10	13:1:45	780443	39.31136727333069	116.76866590976715	4084.32	357.50	339.58	CHH7278	-1275.0	3302
2017-10-10	13:1:45	780443	39.31136727333069	116.76866590976715	4084.32	357.50	339.58	CHH7278	-1275.0	3302
2017-10-10	13:1:45	780443	39.31136727333069	116.76866590976715	4084.32	356.40	339.58	CHH7278	-1275.0	3302
2017-10-10	13:1:45	780443	39.31136727333069	116.76866590976715	4084.32	355.52	339.58	CHH7278	-1212.5	3302
2017-10-10	13:1:46	780443	39.312944412231445	116.76800072193146	4076.70	355.52	339.58	CHH7278	-1212.5	3302
2017-10-10	13:1:46	780443	39.312944412231445	116.76800072193146	4076.70	355.52	339.58	CHH7278	-1212.5	3302
2017-10-10	13:1:48	780443	39.312944412231445	116.76800072193146	4076.70	351.56	339.58	CHH7278	-1150.0	3302
2017-10-10	13:1:48	780443	39.31631326675415	116.76645576953888	4061.46	351.56	339.58	CHH7278	-1150.0	3302
2017-10-10	13:1:48	780443	39.31631326675415	116.76645576953888	4061.46	351.56	339.58	CHH7278	-1087.5	3302
2017-10-10	13:1:49	780443	39.317547082901	116.76586031913757	4061.46	351.56	339.58	CHH7278	-1087.5	3302
2017-10-10	13:1:49	780443	39.317547082901	116.76586031913757	4061.46	349.37	339.58	CHH7278	-1018.75	3302
2017-10-10	13:1:49	780443	39.318480491638184	116.76544189453125	4053.84	349.37	339.58	CHH7278	-1018.75	3302
2017-10-10	13:1:49	780443	39.318480491638184	116.76544189453125	4053.84	349.37	339.58	CHH7278	-1018.75	3302
2017-10-10	13:1:50	780443	39.318480491638184	116.76544189453125	4053.84	349.37	339.58	CHH7278	-1018.75	3302
2017-10-10	13:1:50	780443	39.318480491638184	116.76544189453125	4053.84	349.37	339.58	CHH7278	-1018.75	3302
2017-10-10	13:1:50	780443	39.31908667087555	116.76519513130188	4053.84	349.37	339.58	CHH7278	-1018.75	3302
2017-10-10	13:1:51	780443	39.31908667087555	116.76519513130188	4053.84	348.49	339.58	CHH7278	-1018.75	3302
2017-10-10	13:1:51	780443	39.32090520858765	116.76434218883514	4046.22	348.49	339.58	CHH7278	-1018.75	3302
2017-10-10	13:1:51	780443	39.32090520858765	116.76434218883514	4046.22	346.51	339.58	CHH7278	-956.25	3302
2017-10-10	13:1:51	780443	39.32150602340698	116.76409542560577	4046.22	346.51	339.58	CHH7278	-956.25	3302
2017-10-10	13:1:52	780443	39.32150602340698	116.76409542560577	4046.22	346.51	339.58	CHH7278	-956.25	3302
2017-10-10	13:1:52	780443	39.32211220264435	116.76378965377808	4046.22	346.51	339.58	CHH7278	-956.25	3302
2017-10-10	13:1:53	780443	39.32211220264435	116.76378965377808	4046.22	345.41	339.58	CHH7278	-956.25	3302
2017-10-10	13:1:53	780443	39.32363569736481	116.76311373710632	4038.60	345.41	339.58	CHH7278	-956.25	3302
2017-10-10	13:1:53	780443	39.32363569736481	116.76311373710632	4038.60	344.53	339.58	CHH7278	-956.25	3302
2017-10-10	13:1:54	780443	39.32363569736481	116.76311373710632	4038.60	344.53	339.58	CHH7278	-956.25	3302
2017-10-10	13:1:54	780443	39.32513773441315	116.7623895406723	4038.60	344.53	339.58	CHH7278	-956.25	3302
2017-10-10	13:1:54	780443	39.32601749897003	116.76197648048401	4030.98	344.53	339.58	CHH7278	-956.25	3302
2017-10-10	13:1:55	780443	39.32661294937134	116.7617404460907	4030.98	344.53	339.58	CHH7278	-956.25	3302
2017-10-10	13:1:55	780443	39.32661294937134	116.7617404460907	4030.98	344.53	339.58	CHH7278	-956.25	3302
2017-10-10	13:1:55	780443	39.32661294937134	116.7617404460907	4030.98	341.46	339.58	CHH7278	-956.25	3302
2017-10-10	13:1:56	780443	39.32812035083771	116.76104307174683	4023.36	341.46	339.58	CHH7278	-956.25	3302
2017-10-10	13:1:56	780443	39.32812035083771	116.76104307174683	4023.36	341.46	339.58	CHH7278	-956.25	3302
2017-10-10	13:1:56	780443	39.32812035083771	116.76104307174683	4023.36	339.48	339.58	CHH7278	-956.25	3302
2017-10-10	13:1:57	780443	39.32812035083771	116.76104307174683	4023.36	339.48	339.58	CHH7278	-956.25	3302
2017-10-10	13:1:57	780443	39.330180287361145	116.7600667476654	4023.36	339.48	339.58	CHH7278	-956.25	3302
2017-10-10	13:1:57	780443	39.330180287361145	116.7600667476654	4023.36	339.48	339.58	CHH7278	-956.25	3302
2017-10-10	13:1:57	780443	39.33077573776245	116.75982534885406	4015.74	339.48	339.58	CHH7278	-956.25	3302
2017-10-10	13:1:58	780443	39.33077573776245	116.75982534885406	4015.74	339.48	339.58	CHH7278	-956.25	3302
2017-10-10	13:1:58	780443	39.33137118816376	116.7595249414444	4015.74	339.48	339.58	CHH7278	-956.25	3302
2017-10-10	13:1:59	780443	39.3328195810318	116.75884902477264	4008.12	339.48	339.58	CHH7278	-956.25	3302
2017-10-10	13:1:59	780443	39.3328195810318	116.75884902477264	4008.12	336.40	339.58	CHH7278	-956.25	3302
2017-10-10	13:1:59	780443	39.333704710006714	116.75845205783844	4008.12	336.40	339.58	CHH7278	-956.25	3302
2017-10-10	13:2:0	780443	39.333704710006714	116.75845205783844	4008.12	336.40	339.58	CHH7278	-956.25	3302
2017-10-10	13:2:0	780443	39.33458983898163	116.75799071788788	4008.12	336.40	339.58	CHH7278	-956.25	3302
2017-10-10	13:2:0	780443	39.33458983898163	116.75799071788788	4008.12	334.42	339.58	CHH7278	-956.25	3302
2017-10-10	13:2:0	780443	39.335196018218994	116.75774931907654	4008.12	334.42	339.58	CHH7278	-956.25	3302
2017-10-10	13:2:1	780443	39.33575391769409	116.75750255584717	4000.50	334.42	339.58	CHH7278	-956.25	3302
2017-10-10	13:2:1	780443	39.33575391769409	116.75750255584717	4000.50	334.42	339.58	CHH7278	-956.25	3302
2017-10-10	13:2:1	780443	39.33575391769409	116.75750255584717	4000.50	333.54	339.58	CHH7278	-956.25	3302
2017-10-10	13:2:1	780443	39.33636009693146	116.7572021484375	4000.50	333.54	339.58	CHH7278	-956.25	3302
2017-10-10	13:2:2	780443	39.33723449707031	116.75677835941315	4000.50	333.54	339.58	CHH7278	-956.25	3302
2017-10-10	13:2:2	780443	39.33723449707031	116.75677835941315	4000.50	332.45	338.58	CHH7278	-956.25	3302
2017-10-10	13:2:3	780443	39.33723449707031	116.75677835941315	4000.50	332.45	338.58	CHH7278	-956.25	3302
2017-10-10	13:2:3	780443	39.338682889938354	116.7561024427414	3992.88	332.45	338.58	CHH7278	-956.25	3302
2017-10-10	13:2:3	780443	39.338682889938354	116.7561024427414	3992.88	331.57	338.58	CHH7278	-956.25	3302
2017-10-10	13:2:3	780443	39.33924615383148	116.75585567951202	3992.88	331.57	338.58	CHH7278	-956.25	3302
2017-10-10	13:2:4	780443	39.33924615383148	116.75585567951202	3992.88	331.57	338.58	CHH7278	-956.25	3302
2017-10-10	13:2:4	780443	39.34011518955231	116.75546944141388	3985.26	331.57	338.58	CHH7278	-956.25	3302
2017-10-10	13:2:4	780443	39.34011518955231	116.75546944141388	3985.26	330.47	338.58	CHH7278	-956.25	3302
2017-10-10	13:2:4	780443	39.34096813201904	116.75506174564362	3985.26	330.47	338.58	CHH7278	-956.25	3302
2017-10-10	13:2:5	780443	39.34181034564972	116.75463795661926	3985.26	330.47	338.58	CHH7278	-956.25	3302
2017-10-10	13:2:5	780443	39.34181034564972	116.75463795661926	3985.26	330.47	338.58	CHH7278	-956.25	3302
2017-10-10	13:2:7	780443	39.342405796051025	116.75433218479156	3977.64	330.47	338.58	CHH7278	-956.25	3302
2017-10-10	13:2:7	780443	39.342405796051025	116.75433218479156	3977.64	328.49	338.58	CHH7278	-956.25	3302
2017-10-10	13:2:7	780443	39.3432480096817	116.75396203994751	3977.64	328.49	338.58	CHH7278	-956.25	3302
2017-10-10	13:2:7	780443	39.3432480096817	116.75396203994751	3977.64	327.39	338.58	CHH7278	-956.25	3302
2017-10-10	13:2:7	780443	39.3432480096817	116.75396203994751	3977.64	327.39	338.58	CHH7278	-956.25	3302
2017-10-10	13:2:8	780443	39.34524357318878	116.75301790237427	3970.02	327.39	338.58	CHH7278	-956.25	3302
2017-10-10	13:2:8	780443	39.34524357318878	116.75301790237427	3970.02	326.51	338.58	CHH7278	-956.25	3302
2017-10-10	13:2:8	780443	39.34524357318878	116.75301790237427	3970.02	324.54	338.58	CHH7278	-956.25	3302
2017-10-10	13:2:8	780443	39.346649050712585	116.75231516361237	3970.02	324.54	338.58	CHH7278	-956.25	3302
2017-10-10	13:2:9	780443	39.346649050712585	116.75231516361237	3970.02	323.44	338.58	CHH7278	-956.25	3302
2017-10-10	13:2:9	780443	39.34808135032654	116.75164461135864	3962.40	323.44	338.58	CHH7278	-956.25	3302
2017-10-10	13:2:10	780443	39.34808135032654	116.75164461135864	3962.40	323.44	338.58	CHH7278	-956.25	3302
2017-10-10	13:2:10	780443	39.34808135032654	116.75164461135864	3962.40	323.44	338.58	CHH7278	-956.25	3302
2017-10-10	13:2:10	780443	39.348928928375244	116.75127983093262	3962.40	323.44	338.58	CHH7278	-956.25	3302
2017-10-10	13:2:10	780443	39.348928928375244	116.75127983093262	3962.40	322.56	338.58	CHH7278	-956.25	3302
2017-10-10	13:2:10	780443	39.34948682785034	116.75103306770325	3954.78	322.56	338.58	CHH7278	-956.25	3302
2017-10-10	13:2:11	780443	39.34948682785034	116.75103306770325	3954.78	322.56	338.58	CHH7278	-956.25	3302
2017-10-10	13:2:11	780443	39.35032367706299	116.75063073635101	3954.78	322.56	338.58	CHH7278	-956.25	3302
2017-10-10	13:2:11	780443	39.35032367706299	116.75063073635101	3954.78	322.56	338.58	CHH7278	-956.25	3302
2017-10-10	13:2:11	780443	39.350870847702026	116.75033569335938	3954.78	322.56	338.58	CHH7278	-956.25	3302
2017-10-10	13:2:12	780443	39.350870847702026	116.75033569335938	3954.78	322.56	338.58	CHH7278	-956.25	3302
2017-10-10	13:2:12	780443	39.35146629810333	116.75009429454803	3947.16	322.56	338.58	CHH7278	-956.25	3302
2017-10-10	13:2:12	780443	39.35146629810333	116.75009429454803	3947.16	319.48	338.58	CHH7278	-956.25	3302
2017-10-10	13:2:12	780443	39.35146629810333	116.75009429454803	3947.16	319.48	338.58	CHH7278	-956.25	3302
2017-10-10	13:2:13	780443	39.35283958911896	116.7493861913681	3947.16	319.48	338.58	CHH7278	-956.25	3302
2017-10-10	13:2:13	780443	39.353397488594055	116.74914479255676	3947.16	319.48	338.58	CHH7278	-956.25	3302
2017-10-10	13:2:14	780443	39.353397488594055	116.74914479255676	3947.16	318.60	338.58	CHH7278	-893.75	3302
2017-10-10	13:2:14	780443	39.35421288013458	116.74872100353241	3939.54	318.60	338.58	CHH7278	-893.75	3302
2017-10-10	13:2:14	780443	39.35476541519165	116.74847960472107	3939.54	318.60	338.58	CHH7278	-893.75	3302
2017-10-10	13:2:15	780443	39.35476541519165	116.74847960472107	3939.54	317.50	338.58	CHH7278	-893.75	3302
2017-10-10	13:2:15	780443	39.355629086494446	116.74810409545898	3939.54	317.50	338.58	CHH7278	-893.75	3302
2017-10-10	13:2:15	780443	39.355629086494446	116.74810409545898	3939.54	317.50	338.58	CHH7278	-893.75	3302
2017-10-10	13:2:15	780443	39.355629086494446	116.74810409545898	3939.54	317.50	338.58	CHH7278	-893.75	3302
2017-10-10	13:2:15	780443	39.355629086494446	116.74810409545898	3939.54	317.50	338.58	CHH7278	-893.75	3302
2017-10-10	13:2:16	780443	39.3567019701004	116.74755692481995	3931.92	317.50	338.58	CHH7278	-893.75	3302
2017-10-10	13:2:16	780443	39.3567019701004	116.74755692481995	3931.92	317.50	338.58	CHH7278	-893.75	3302
2017-10-10	13:2:16	780443	39.35755491256714	116.74716532230377	3931.92	317.50	338.58	CHH7278	-893.75	3302
2017-10-10	13:2:16	780443	39.35755491256714	116.74716532230377	3931.92	315.53	338.58	CHH7278	-893.75	3302
2017-10-10	13:2:17	780443	39.35810744762421	116.74692928791046	3931.92	315.53	338.58	CHH7278	-893.75	3302
2017-10-10	13:2:17	780443	39.35810744762421	116.74692928791046	3931.92	315.53	338.58	CHH7278	-893.75	3302
2017-10-10	13:2:17	780443	39.358890652656555	116.74651622772217	3924.30	315.53	338.58	CHH7278	-893.75	3302
2017-10-10	13:2:17	780443	39.358890652656555	116.74651622772217	3924.30	314.43	338.58	CHH7278	-893.75	3302
2017-10-10	13:2:18	780443	39.35970604419708	116.74609243869781	3924.30	314.43	338.58	CHH7278	-893.75	3302
2017-10-10	13:2:18	780443	39.35970604419708	116.74609243869781	3924.30	314.43	338.58	CHH7278	-893.75	3302
2017-10-10	13:2:18	780443	39.36056435108185	116.74572229385376	3924.30	314.43	338.58	CHH7278	-893.75	3302
2017-10-10	13:2:18	780443	39.36056435108185	116.74572229385376	3924.30	313.55	338.58	CHH7278	-893.75	3302
2017-10-10	13:2:19	780443	39.36056435108185	116.74572229385376	3924.30	313.55	338.58	CHH7278	-893.75	3302
2017-10-10	13:2:19	780443	39.361905455589294	116.74507856369019	3916.68	313.55	338.58	CHH7278	-893.75	3302
2017-10-10	13:2:20	780443	39.361905455589294	116.74507856369019	3916.68	312.45	338.58	CHH7278	-893.75	3302
2017-10-10	13:2:20	780443	39.36245262622833	116.74484252929688	3916.68	312.45	338.58	CHH7278	-893.75	3302
2017-10-10	13:2:20	780443	39.36245262622833	116.74484252929688	3916.68	312.45	338.58	CHH7278	-893.75	3302
2017-10-10	13:2:20	780443	39.36245262622833	116.74484252929688	3916.68	311.57	338.58	CHH7278	-893.75	3302
2017-10-10	13:2:20	780443	39.36326801776886	116.74444556236267	3909.06	311.57	338.58	CHH7278	-893.75	3302
2017-10-10	13:2:21	780443	39.36326801776886	116.74444556236267	3909.06	311.57	338.58	CHH7278	-893.75	3302
2017-10-10	13:2:21	780443	39.36382591724396	116.7441987991333	3909.06	311.57	338.58	CHH7278	-893.75	3302
2017-10-10	13:2:21	780443	39.36382591724396	116.7441987991333	3909.06	311.57	338.58	CHH7278	-893.75	3302
2017-10-10	13:2:21	780443	39.36382591724396	116.7441987991333	3909.06	310.47	338.58	CHH7278	-893.75	3302
2017-10-10	13:2:22	780443	39.364893436431885	116.74365162849426	3909.06	310.47	338.58	CHH7278	-893.75	3302
2017-10-10	13:2:22	780443	39.364893436431885	116.74365162849426	3909.06	310.47	338.58	CHH7278	-893.75	3302
2017-10-10	13:2:22	780443	39.36570346355438	116.74329221248627	3901.44	310.47	338.58	CHH7278	-893.75	3302
2017-10-10	13:2:23	780443	39.36570346355438	116.74329221248627	3901.44	309.59	338.58	CHH7278	-893.75	3302
2017-10-10	13:2:23	780443	39.36703383922577	116.74261093139648	3901.44	309.59	338.58	CHH7278	-893.75	3302
2017-10-10	13:2:23	780443	39.36703383922577	116.74261093139648	3901.44	308.50	338.58	CHH7278	-893.75	3302
2017-10-10	13:2:24	780443	39.36754882335663	116.74236953258514	3901.44	308.50	338.58	CHH7278	-893.75	3302
2017-10-10	13:2:24	780443	39.36754882335663	116.74236953258514	3901.44	308.50	338.58	CHH7278	-893.75	3302
2017-10-10	13:2:24	780443	39.368358850479126	116.74197256565094	3893.82	308.50	338.58	CHH7278	-893.75	3302
2017-10-10	13:2:24	780443	39.368358850479126	116.74197256565094	3893.82	307.62	338.58	CHH7278	-893.75	3302
2017-10-10	13:2:25	780443	39.368911385536194	116.74173653125763	3893.82	307.62	338.58	CHH7278	-893.75	3302
2017-10-10	13:2:25	780443	39.368911385536194	116.74173653125763	3893.82	307.62	338.58	CHH7278	-893.75	3302
2017-10-10	13:2:26	780443	39.37024712562561	116.74108743667603	3886.20	307.62	338.58	CHH7278	-893.75	3302
2017-10-10	13:2:26	780443	39.37024712562561	116.74108743667603	3886.20	306.52	338.58	CHH7278	-956.25	3302
2017-10-10	13:2:26	780443	39.37075674533844	116.74084067344666	3886.20	306.52	338.58	CHH7278	-956.25	3302
2017-10-10	13:2:27	780443	39.37075674533844	116.74084067344666	3886.20	304.54	338.58	CHH7278	-893.75	3302
2017-10-10	13:2:27	780443	39.372113943099976	116.74018621444702	3878.58	304.54	338.58	CHH7278	-893.75	3302
2017-10-10	13:2:28	780443	39.37366962432861	116.73946738243103	3878.58	304.54	338.58	CHH7278	-893.75	3302
2017-10-10	13:2:29	780443	39.37366962432861	116.73946738243103	3878.58	302.56	338.58	CHH7278	-893.75	3302
2017-10-10	13:2:29	780443	39.37448501586914	116.73907041549683	3870.96	302.56	338.58	CHH7278	-893.75	3302
2017-10-10	13:2:29	780443	39.375	116.73882901668549	3870.96	302.56	338.58	CHH7278	-893.75	3302
2017-10-10	13:2:29	780443	39.375	116.73882901668549	3870.96	301.46	338.58	CHH7278	-893.75	3302
2017-10-10	13:2:30	780443	39.37550961971283	116.73858225345612	3870.96	301.46	338.58	CHH7278	-893.75	3302
2017-10-10	13:2:30	780443	39.37550961971283	116.73858225345612	3870.96	301.46	338.58	CHH7278	-893.75	3302
2017-10-10	13:2:30	780443	39.37550961971283	116.73858225345612	3870.96	301.46	338.58	CHH7278	-893.75	3302
2017-10-10	13:2:30	780443	39.37606751918793	116.73834085464478	3870.96	301.46	338.58	CHH7278	-893.75	3302
2017-10-10	13:2:31	780443	39.37606751918793	116.73834085464478	3870.96	300.59	338.58	CHH7278	-893.75	3302
2017-10-10	13:2:31	780443	39.377601742744446	116.7376059293747	3863.34	300.59	338.58	CHH7278	-893.75	3302
2017-10-10	13:2:32	780443	39.377601742744446	116.7376059293747	3863.34	299.49	338.58	CHH7278	-893.75	3302
2017-10-10	13:2:32	780443	39.3786746263504	116.73705875873566	3863.34	299.49	338.58	CHH7278	-893.75	3302
2017-10-10	13:2:32	780443	39.3786746263504	116.73705875873566	3863.34	299.49	338.58	CHH7278	-893.75	3302
2017-10-10	13:2:33	780443	39.37918424606323	116.73681199550629	3855.72	299.49	338.58	CHH7278	-893.75	3302
2017-10-10	13:2:33	780443	39.3799889087677	116.73647940158844	3855.72	299.49	338.58	CHH7278	-893.75	3302
2017-10-10	13:2:33	780443	39.3799889087677	116.73647940158844	3855.72	298.61	338.58	CHH7278	-893.75	3302
2017-10-10	13:2:34	780443	39.3799889087677	116.73647940158844	3855.72	298.61	338.58	CHH7278	-893.75	3302
2017-10-10	13:2:34	780443	39.38128173351288	116.73583567142487	3848.10	298.61	338.58	CHH7278	-893.75	3302
2017-10-10	13:2:35	780443	39.38128173351288	116.73583567142487	3848.10	297.51	338.58	CHH7278	-893.75	3302
2017-10-10	13:2:35	780443	39.38230633735657	116.73534750938416	3848.10	297.51	338.58	CHH7278	-893.75	3302
2017-10-10	13:2:35	780443	39.38230633735657	116.73534750938416	3848.10	297.51	338.58	CHH7278	-893.75	3302
2017-10-10	13:2:36	780443	39.383330941200256	116.73485934734344	3848.10	297.51	338.58	CHH7278	-893.75	3302
2017-10-10	13:2:36	780443	39.383330941200256	116.73485934734344	3848.10	296.63	338.58	CHH7278	-893.75	3302
2017-10-10	13:2:36	780443	39.383845925331116	116.7346179485321	3840.48	296.63	338.58	CHH7278	-893.75	3302
2017-10-10	13:2:36	780443	39.383845925331116	116.7346179485321	3840.48	295.53	338.58	CHH7278	-831.25	3302
2017-10-10	13:2:37	780443	39.384613037109375	116.7342746257782	3840.48	295.53	338.58	CHH7278	-831.25	3302
2017-10-10	13:2:37	780443	39.384613037109375	116.7342746257782	3840.48	295.53	338.58	CHH7278	-831.25	3302
2017-10-10	13:2:37	780443	39.384613037109375	116.7342746257782	3840.48	295.53	338.58	CHH7278	-831.25	3302
2017-10-10	13:2:38	780443	39.385889768600464	116.73364162445068	3832.86	295.53	338.58	CHH7278	-831.25	3302
2017-10-10	13:2:38	780443	39.385889768600464	116.73364162445068	3832.86	294.43	338.58	CHH7278	-831.25	3302
2017-10-10	13:2:38	780443	39.38640475273132	116.73339486122131	3832.86	294.43	338.58	CHH7278	-831.25	3302
2017-10-10	13:2:38	780443	39.38640475273132	116.73339486122131	3832.86	293.55	338.58	CHH7278	-831.25	3302
2017-10-10	13:2:39	780443	39.38717186450958	116.73301935195923	3832.86	293.55	338.58	CHH7278	-831.25	3302
2017-10-10	13:2:39	780443	39.38717186450958	116.73301935195923	3832.86	292.46	338.58	CHH7278	-831.25	3302
2017-10-10	13:2:39	780443	39.38793897628784	116.73266530036926	3832.86	292.46	338.58	CHH7278	-831.25	3302
2017-10-10	13:2:40	780443	39.38793897628784	116.73266530036926	3832.86	292.46	338.58	CHH7278	-831.25	3302
2017-10-10	13:2:42	780443	39.3914794921875	116.73095405101776	3817.62	289.60	338.58	CHH7278	-831.25	3302
2017-10-10	13:2:43	780443	39.39198911190033	116.73077166080475	3817.62	289.60	338.58	CHH7278	-831.25	3302
2017-10-10	13:2:43	780443	39.39198911190033	116.73077166080475	3817.62	289.60	338.58	CHH7278	-831.25	3302
2017-10-10	13:2:46	780443	39.39599096775055	116.7288190126419	3802.38	286.52	338.58	CHH7278	-831.25	3302
2017-10-10	13:2:46	780443	39.39650595188141	116.72857224941254	3802.38	286.52	338.58	CHH7278	-831.25	3302
2017-10-10	13:2:46	780443	39.39650595188141	116.72857224941254	3802.38	285.64	338.58	CHH7278	-762.5	3302
2017-10-10	13:2:47	780443	39.39697265625	116.7283308506012	3802.38	285.64	338.58	CHH7278	-762.5	3302
2017-10-10	13:2:47	780443	39.39697265625	116.7283308506012	3802.38	285.64	338.58	CHH7278	-762.5	3302
2017-10-10	13:2:47	780443	39.39775049686432	116.72800362110138	3802.38	285.64	338.58	CHH7278	-762.5	3302
2017-10-10	13:2:47	780443	39.39775049686432	116.72800362110138	3802.38	285.64	338.58	CHH7278	-762.5	3302
2017-10-10	13:2:48	780443	39.39820647239685	116.72776758670807	3794.76	285.64	338.58	CHH7278	-762.5	3302
2017-10-10	13:2:48	780443	39.39820647239685	116.72776758670807	3794.76	284.55	338.58	CHH7278	-762.5	3302
2017-10-10	13:2:48	780443	39.39897358417511	116.7274135351181	3794.76	284.55	338.58	CHH7278	-762.5	3302
2017-10-10	13:2:48	780443	39.39897358417511	116.7274135351181	3794.76	283.45	338.58	CHH7278	-762.5	3302
2017-10-10	13:2:48	780443	39.39948320388794	116.72717213630676	3794.76	283.45	338.58	CHH7278	-762.5	3302
2017-10-10	13:2:49	780443	39.39948320388794	116.72717213630676	3794.76	283.45	338.58	CHH7278	-762.5	3302
2017-10-10	13:2:49	780443	39.39948320388794	116.72717213630676	3794.76	282.57	338.58	CHH7278	-762.5	3302
2017-10-10	13:2:49	780443	39.40067946910858	116.7265659570694	3787.14	282.57	338.58	CHH7278	-762.5	3302
2017-10-10	13:2:49	780443	39.40067946910858	116.7265659570694	3787.14	282.57	338.58	CHH7278	-762.5	3302
2017-10-10	13:2:50	780443	39.40118372440338	116.72632992267609	3787.14	282.57	338.58	CHH7278	-762.5	3302
2017-10-10	13:2:50	780443	39.40118372440338	116.72632992267609	3787.14	282.57	338.58	CHH7278	-762.5	3302
2017-10-10	13:2:50	780443	39.40118372440338	116.72632992267609	3787.14	282.57	338.58	CHH7278	-762.5	3302
2017-10-10	13:2:50	780443	39.40168261528015	116.72609388828278	3787.14	282.57	338.58	CHH7278	-762.5	3302
2017-10-10	13:2:50	780443	39.40168261528015	116.72609388828278	3787.14	281.47	338.58	CHH7278	-762.5	3302
2017-10-10	13:2:51	780443	39.40168261528015	116.72609388828278	3787.14	280.59	338.58	CHH7278	-762.5	3302
2017-10-10	13:2:51	780443	39.40315246582031	116.72543942928314	3779.52	280.59	338.58	CHH7278	-762.5	3302
2017-10-10	13:2:52	780443	39.40315246582031	116.72543942928314	3779.52	280.59	338.58	CHH7278	-762.5	3302
2017-10-10	13:2:52	780443	39.40315246582031	116.72543942928314	3779.52	279.49	338.58	CHH7278	-762.5	3302
2017-10-10	13:2:53	780443	39.404370188713074	116.72484934329987	3779.52	279.49	338.58	CHH7278	-762.5	3302
2017-10-10	13:2:53	780443	39.404370188713074	116.72484934329987	3779.52	279.49	338.58	CHH7278	-762.5	3302
2017-10-10	13:2:53	780443	39.404836893081665	116.72460794448853	3779.52	279.49	338.58	CHH7278	-762.5	3302
2017-10-10	13:2:53	780443	39.405577182769775	116.7242431640625	3771.90	279.49	338.58	CHH7278	-762.5	3302
2017-10-10	13:2:54	780443	39.406081438064575	116.72400176525116	3771.90	279.49	338.58	CHH7278	-762.5	3302
2017-10-10	13:2:54	780443	39.406081438064575	116.72400176525116	3771.90	279.49	338.58	CHH7278	-762.5	3302
2017-10-10	13:2:54	780443	39.406081438064575	116.72400176525116	3771.90	278.61	338.58	CHH7278	-700.0	3302
2017-10-10	13:2:55	780443	39.40704166889191	116.72352433204651	3771.90	278.61	338.58	CHH7278	-700.0	3302
2017-10-10	13:2:55	780443	39.40704166889191	116.72352433204651	3771.90	278.61	338.58	CHH7278	-700.0	3302
2017-10-10	13:2:55	780443	39.40704166889191	116.72352433204651	3771.90	278.61	338.58	CHH7278	-700.0	3302
2017-10-10	13:2:55	780443	39.40749764442444	116.7232882976532	3771.90	278.61	338.58	CHH7278	-700.0	3302
2017-10-10	13:2:55	780443	39.40749764442444	116.7232882976532	3771.90	277.51	338.58	CHH7278	-700.0	3302
2017-10-10	13:2:56	780443	39.40749764442444	116.7232882976532	3771.90	277.51	338.58	CHH7278	-700.0	3302
2017-10-10	13:2:56	780443	39.40896213054657	116.72262847423553	3764.28	277.51	338.58	CHH7278	-700.0	3302
2017-10-10	13:2:57	780443	39.40896213054657	116.72262847423553	3764.28	276.64	338.58	CHH7278	-700.0	3302
2017-10-10	13:2:57	780443	39.40896213054657	116.72262847423553	3764.28	275.54	338.58	CHH7278	-700.0	3302
2017-10-10	13:2:57	780443	39.41014766693115	116.72204375267029	3764.28	275.54	338.58	CHH7278	-700.0	3302
2017-10-10	13:2:58	780443	39.41065728664398	116.72179698944092	3756.66	275.54	338.58	CHH7278	-700.0	3302
2017-10-10	13:2:58	780443	39.41065728664398	116.72179698944092	3756.66	274.66	338.58	CHH7278	-700.0	3302
2017-10-10	13:2:58	780443	39.411343932151794	116.72149658203125	3756.66	274.66	338.58	CHH7278	-700.0	3302
2017-10-10	13:2:59	780443	39.411848187446594	116.72125518321991	3756.66	274.66	338.58	CHH7278	-700.0	3302
2017-10-10	13:2:59	780443	39.411848187446594	116.72125518321991	3756.66	274.66	338.58	CHH7278	-700.0	3302
2017-10-10	13:2:59	780443	39.412304162979126	116.72101378440857	3756.66	274.66	338.58	CHH7278	-700.0	3302
2017-10-10	13:2:59	780443	39.412304162979126	116.72101378440857	3756.66	273.56	338.58	CHH7278	-637.5	3302
2017-10-10	13:3:0	780443	39.412304162979126	116.72101378440857	3756.66	273.56	338.58	CHH7278	-637.5	3302
2017-10-10	13:3:0	780443	39.412808418273926	116.72077775001526	3756.66	273.56	338.58	CHH7278	-637.5	3302
2017-10-10	13:3:0	780443	39.41349506378174	116.72045588493347	3749.04	273.56	338.58	CHH7278	-637.5	3302
2017-10-10	13:3:0	780443	39.41349506378174	116.72045588493347	3749.04	272.46	338.58	CHH7278	-637.5	3302
2017-10-10	13:3:0	780443	39.41349506378174	116.72045588493347	3749.04	272.46	338.58	CHH7278	-637.5	3302
2017-10-10	13:3:1	780443	39.41468596458435	116.71988189220428	3749.04	272.46	338.58	CHH7278	-637.5	3302
2017-10-10	13:3:1	780443	39.41468596458435	116.71988189220428	3749.04	272.46	338.58	CHH7278	-637.5	3302
2017-10-10	13:3:1	780443	39.41468596458435	116.71988189220428	3749.04	272.46	338.58	CHH7278	-637.5	3302
2017-10-10	13:3:1	780443	39.41514194011688	116.71964049339294	3749.04	272.46	338.58	CHH7278	-637.5	3302
2017-10-10	13:3:2	780443	39.41514194011688	116.71964049339294	3749.04	272.46	338.58	CHH7278	-637.5	3302
2017-10-10	13:3:2	780443	39.41587150096893	116.71929717063904	3749.04	272.46	338.58	CHH7278	-637.5	3302
2017-10-10	13:3:2	780443	39.41587150096893	116.71929717063904	3749.04	270.48	338.58	CHH7278	-637.5	3302
2017-10-10	13:3:2	780443	39.416338205337524	116.71911478042603	3741.42	270.48	338.58	CHH7278	-637.5	3302
2017-10-10	13:3:3	780443	39.416338205337524	116.71911478042603	3741.42	270.48	338.58	CHH7278	-637.5	3302
2017-10-10	13:3:3	780443	39.417067766189575	116.71875	3741.42	270.48	338.58	CHH7278	-637.5	3302
2017-10-10	13:3:3	780443	39.417067766189575	116.71875	3741.42	269.60	338.58	CHH7278	-637.5	3302
2017-10-10	13:3:4	780443	39.41752374172211	116.71850860118866	3741.42	269.60	338.58	CHH7278	-637.5	3302
2017-10-10	13:3:4	780443	39.41752374172211	116.71850860118866	3741.42	269.60	338.58	CHH7278	-637.5	3302
2017-10-10	13:3:4	780443	39.41819965839386	116.71819746494293	3741.42	269.60	338.58	CHH7278	-637.5	3302
2017-10-10	13:3:5	780443	39.41819965839386	116.71819746494293	3741.42	269.60	338.58	CHH7278	-637.5	3302
2017-10-10	13:3:5	780443	39.41866636276245	116.71795606613159	3741.42	269.60	338.58	CHH7278	-637.5	3302
2017-10-10	13:3:5	780443	39.41866636276245	116.71795606613159	3741.42	268.51	338.58	CHH7278	-637.5	3302
2017-10-10	13:3:5	780443	39.41940128803253	116.71761274337769	3733.80	268.51	338.58	CHH7278	-637.5	3302
2017-10-10	13:3:6	780443	39.420104026794434	116.71728014945984	3733.80	268.51	338.58	CHH7278	-637.5	3302
2017-10-10	13:3:6	780443	39.420104026794434	116.71728014945984	3733.80	267.63	338.58	CHH7278	-700.0	3302
2017-10-10	13:3:7	780443	39.420104026794434	116.71728014945984	3733.80	267.63	338.58	CHH7278	-700.0	3302
2017-10-10	13:3:7	780443	39.42173480987549	116.71653985977173	3726.18	267.63	338.58	CHH7278	-700.0	3302
2017-10-10	13:3:8	780443	39.42173480987549	116.71653985977173	3726.18	266.53	338.58	CHH7278	-762.5	3302
2017-10-10	13:3:8	780443	39.42289888858795	116.71600341796875	3726.18	266.53	338.58	CHH7278	-762.5	3302
2017-10-10	13:3:9	780443	39.42289888858795	116.71600341796875	3726.18	265.65	338.58	CHH7278	-762.5	3302
2017-10-10	13:3:9	780443	39.42402541637421	116.71540796756744	3718.56	265.65	338.58	CHH7278	-762.5	3302
2017-10-10	13:3:9	780443	39.42402541637421	116.71540796756744	3718.56	264.55	338.58	CHH7278	-831.25	3302
2017-10-10	13:3:9	780443	39.42448139190674	116.7152202129364	3718.56	264.55	338.58	CHH7278	-831.25	3302
2017-10-10	13:3:10	780443	39.42448139190674	116.7152202129364	3718.56	264.55	338.58	CHH7278	-831.25	3302
2017-10-10	13:3:10	780443	39.42448139190674	116.7152202129364	3718.56	264.55	338.58	CHH7278	-831.25	3302
2017-10-10	13:3:10	780443	39.42493736743927	116.71498417854309	3718.56	264.55	338.58	CHH7278	-831.25	3302
2017-10-10	13:3:10	780443	39.42493736743927	116.71498417854309	3718.56	264.55	338.58	CHH7278	-893.75	3302
2017-10-10	13:3:10	780443	39.4256454706192	116.71465694904327	3710.94	264.55	338.58	CHH7278	-893.75	3302
2017-10-10	13:3:11	780443	39.4256454706192	116.71465694904327	3710.94	264.55	338.58	CHH7278	-893.75	3302
2017-10-10	13:3:11	780443	39.42635893821716	116.71432971954346	3710.94	264.55	338.58	CHH7278	-893.75	3302
2017-10-10	13:3:11	780443	39.42635893821716	116.71432971954346	3710.94	263.67	338.58	CHH7278	-956.25	3302
2017-10-10	13:3:11	780443	39.426814913749695	116.71409368515015	3710.94	263.67	338.58	CHH7278	-956.25	3302
2017-10-10	13:3:12	780443	39.426814913749695	116.71409368515015	3710.94	263.67	338.58	CHH7278	-956.25	3302
2017-10-10	13:3:12	780443	39.427276253700256	116.71391129493713	3703.32	263.67	338.58	CHH7278	-956.25	3302
2017-10-10	13:3:12	780443	39.42773222923279	116.71367526054382	3703.32	263.67	338.58	CHH7278	-956.25	3302
2017-10-10	13:3:13	780443	39.42773222923279	116.71367526054382	3703.32	263.67	338.58	CHH7278	-1018.75	3302
2017-10-10	13:3:13	780443	39.42818820476532	116.71349287033081	3703.32	263.67	338.58	CHH7278	-1018.75	3302
2017-10-10	13:3:13	780443	39.42885875701904	116.71313345432281	3695.70	263.67	338.58	CHH7278	-1018.75	3302
2017-10-10	13:3:14	780443	39.42885875701904	116.71313345432281	3695.70	262.57	338.58	CHH7278	-1087.5	3302
2017-10-10	13:3:14	780443	39.429320096969604	116.7129510641098	3695.70	262.57	338.58	CHH7278	-1087.5	3302
2017-10-10	13:3:14	780443	39.429320096969604	116.7129510641098	3695.70	261.47	338.58	CHH7278	-1150.0	3302
2017-10-10	13:3:14	780443	39.42997455596924	116.71259701251984	3695.70	261.47	338.58	CHH7278	-1150.0	3302
2017-10-10	13:3:14	780443	39.42997455596924	116.71259701251984	3695.70	261.47	338.58	CHH7278	-1150.0	3302
2017-10-10	13:3:15	780443	39.43067193031311	116.71227514743805	3688.08	261.47	338.58	CHH7278	-1150.0	3302
2017-10-10	13:3:15	780443	39.4311386346817	116.71209275722504	3688.08	261.47	338.58	CHH7278	-1150.0	3302
2017-10-10	13:3:16	780443	39.4311386346817	116.71209275722504	3688.08	260.60	338.58	CHH7278	-1212.5	3302
2017-10-10	13:3:16	780443	39.43160533905029	116.7118513584137	3680.46	260.60	338.58	CHH7278	-1212.5	3302
2017-10-10	13:3:16	780443	39.43226516246796	116.71152412891388	3680.46	260.60	338.58	CHH7278	-1212.5	3302
2017-10-10	13:3:17	780443	39.43226516246796	116.71152412891388	3680.46	260.60	338.58	CHH7278	-1275.0	3302
2017-10-10	13:3:18	780443	39.43388521671295	116.71075165271759	3672.84	260.60	338.58	CHH7278	-1275.0	3302
2017-10-10	13:3:18	780443	39.43388521671295	116.71075165271759	3672.84	260.60	338.58	CHH7278	-1343.75	3302
2017-10-10	13:3:18	780443	39.434303641319275	116.71056926250458	3665.22	260.60	338.58	CHH7278	-1343.75	3302
2017-10-10	13:3:19	780443	39.434303641319275	116.71056926250458	3665.22	260.60	338.58	CHH7278	-1343.75	3302
2017-10-10	13:3:19	780443	39.434303641319275	116.71056926250458	3665.22	259.50	338.58	CHH7278	-1406.25	3302
2017-10-10	13:3:19	780443	39.43546772003174	116.71002745628357	3657.60	259.50	338.58	CHH7278	-1406.25	3302
2017-10-10	13:3:20	780443	39.43546772003174	116.71002745628357	3657.60	259.50	338.58	CHH7278	-1406.25	3302
2017-10-10	13:3:20	780443	39.43546772003174	116.71002745628357	3657.60	258.62	338.58	CHH7278	-1468.75	3302
2017-10-10	13:3:20	780443	39.436583518981934	116.70946955680847	3657.60	258.62	338.58	CHH7278	-1468.75	3302
2017-10-10	13:3:21	780443	39.436583518981934	116.70946955680847	3657.60	258.62	338.58	CHH7278	-1468.75	3302
2017-10-10	13:3:21	780443	39.43725407123566	116.70913696289062	3649.98	258.62	338.58	CHH7278	-1468.75	3302
2017-10-10	13:3:21	780443	39.43793535232544	116.70879900455475	3642.36	258.62	338.58	CHH7278	-1468.75	3302
2017-10-10	13:3:22	780443	39.43835377693176	116.70861661434174	3642.36	258.62	338.58	CHH7278	-1468.75	3302
2017-10-10	13:3:22	780443	39.43835377693176	116.70861661434174	3642.36	257.52	336.58	CHH7278	-1600.0	3302
2017-10-10	13:3:22	780443	39.439040422439575	116.70824110507965	3634.74	257.52	336.58	CHH7278	-1600.0	3302
2017-10-10	13:3:23	780443	39.43944811820984	116.70799970626831	3634.74	257.52	336.58	CHH7278	-1600.0	3302
2017-10-10	13:3:23	780443	39.43944811820984	116.70799970626831	3634.74	257.52	336.58	CHH7278	-1600.0	3302
2017-10-10	13:3:23	780443	39.4399094581604	116.707763671875	3627.12	257.52	336.58	CHH7278	-1600.0	3302
2017-10-10	13:3:24	780443	39.4399094581604	116.707763671875	3627.12	256.64	335.58	CHH7278	-1662.5	3302
2017-10-10	13:3:24	780443	39.44036543369293	116.70752227306366	3627.12	256.64	335.58	CHH7278	-1662.5	3302
2017-10-10	13:3:24	780443	39.44036543369293	116.70752227306366	3627.12	255.54	334.58	CHH7278	-1725.0	3302
2017-10-10	13:3:24	780443	39.441009163856506	116.7071521282196	3619.50	255.54	334.58	CHH7278	-1725.0	3302
2017-10-10	13:3:24	780443	39.441009163856506	116.7071521282196	3619.50	255.54	334.58	CHH7278	-1725.0	3302
2017-10-10	13:3:25	780443	39.441009163856506	116.7071521282196	3619.50	255.54	334.58	CHH7278	-1725.0	3302
2017-10-10	13:3:25	780443	39.44184601306915	116.7066639661789	3611.88	255.54	334.58	CHH7278	-1725.0	3302
2017-10-10	13:3:25	780443	39.44184601306915	116.7066639661789	3611.88	255.54	334.58	CHH7278	-1725.0	3302
2017-10-10	13:3:25	780443	39.44184601306915	116.7066639661789	3611.88	254.66	333.58	CHH7278	-1725.0	3302
2017-10-10	13:3:26	780443	39.44292962551117	116.70596659183502	3604.26	254.66	333.58	CHH7278	-1725.0	3302
2017-10-10	13:3:26	780443	39.44292962551117	116.70596659183502	3604.26	254.66	333.58	CHH7278	-1725.0	3302
2017-10-10	13:3:26	780443	39.44292962551117	116.70596659183502	3604.26	254.66	332.58	CHH7278	-1725.0	3302
2017-10-10	13:3:27	780443	39.443755745887756	116.70543551445007	3596.64	254.66	332.58	CHH7278	-1725.0	3302
2017-10-10	13:3:27	780443	39.443755745887756	116.70543551445007	3596.64	254.66	332.58	CHH7278	-1725.0	3302
2017-10-10	13:3:27	780443	39.44440484046936	116.70495271682739	3596.64	254.66	332.58	CHH7278	-1725.0	3302
2017-10-10	13:3:27	780443	39.44440484046936	116.70495271682739	3596.64	254.66	330.58	CHH7278	-1725.0	3302
2017-10-10	13:3:28	780443	39.4454026222229	116.7042338848114	3589.02	254.66	330.58	CHH7278	-1725.0	3302
2017-10-10	13:3:28	780443	39.4454026222229	116.7042338848114	3589.02	253.56	329.59	CHH7278	-1725.0	3302
2017-10-10	13:3:29	780443	39.446035623550415	116.70379400253296	3581.40	253.56	329.59	CHH7278	-1725.0	3302
2017-10-10	13:3:29	780443	39.446035623550415	116.70379400253296	3581.40	252.69	328.59	CHH7278	-1725.0	3302
2017-10-10	13:3:29	780443	39.44663643836975	116.70334339141846	3573.78	252.69	328.59	CHH7278	-1725.0	3302
2017-10-10	13:3:30	780443	39.44663643836975	116.70334339141846	3573.78	252.69	328.59	CHH7278	-1725.0	3302
2017-10-10	13:3:30	780443	39.44663643836975	116.70334339141846	3573.78	252.69	328.59	CHH7278	-1725.0	3302
2017-10-10	13:3:30	780443	39.447049498558044	116.70304834842682	3573.78	252.69	328.59	CHH7278	-1725.0	3302
2017-10-10	13:3:30	780443	39.447049498558044	116.70304834842682	3573.78	252.69	328.59	CHH7278	-1725.0	3302
2017-10-10	13:3:30	780443	39.44766104221344	116.70257091522217	3566.16	252.69	328.59	CHH7278	-1725.0	3302
2017-10-10	13:3:31	780443	39.44766104221344	116.70257091522217	3566.16	252.69	328.59	CHH7278	-1725.0	3302
2017-10-10	13:3:31	780443	39.448036551475525	116.7022705078125	3558.54	252.69	328.59	CHH7278	-1725.0	3302
2017-10-10	13:3:31	780443	39.448036551475525	116.7022705078125	3558.54	252.69	327.59	CHH7278	-1725.0	3302
2017-10-10	13:3:31	780443	39.44865345954895	116.70178771018982	3558.54	252.69	327.59	CHH7278	-1725.0	3302
2017-10-10	13:3:32	780443	39.44865345954895	116.70178771018982	3558.54	252.69	327.59	CHH7278	-1725.0	3302
2017-10-10	13:3:32	780443	39.449061155319214	116.70148730278015	3550.92	252.69	327.59	CHH7278	-1725.0	3302
2017-10-10	13:3:32	780443	39.449061155319214	116.70148730278015	3550.92	251.59	327.59	CHH7278	-1787.5	3302
2017-10-10	13:3:33	780443	39.44966733455658	116.70098841190338	3550.92	251.59	327.59	CHH7278	-1787.5	3302
2017-10-10	13:3:33	780443	39.44966733455658	116.70098841190338	3550.92	251.59	327.59	CHH7278	-1787.5	3302
2017-10-10	13:3:33	780443	39.44966733455658	116.70098841190338	3550.92	251.59	328.59	CHH7278	-1787.5	3302
2017-10-10	13:3:34	780443	39.45087969303131	116.70007109642029	3535.68	251.59	328.59	CHH7278	-1787.5	3302
2017-10-10	13:3:34	780443	39.45087969303131	116.70007109642029	3535.68	251.59	328.59	CHH7278	-1787.5	3302
2017-10-10	13:3:34	780443	39.45087969303131	116.70007109642029	3535.68	251.59	328.59	CHH7278	-1850.0	3302
2017-10-10	13:3:35	780443	39.45087969303131	116.70007109642029	3535.68	251.59	328.59	CHH7278	-1850.0	3302
2017-10-10	13:3:35	780443	39.45185601711273	116.69928252696991	3528.06	251.59	328.59	CHH7278	-1850.0	3302
2017-10-10	13:3:35	780443	39.452510476112366	116.6988480091095	3520.44	251.59	328.59	CHH7278	-1850.0	3302
2017-10-10	13:3:35	780443	39.452510476112366	116.6988480091095	3520.44	252.69	329.59	CHH7278	-1850.0	3302
2017-10-10	13:3:36	780443	39.45308983325958	116.69838666915894	3520.44	252.69	329.59	CHH7278	-1850.0	3302
2017-10-10	13:3:36	780443	39.45308983325958	116.69838666915894	3520.44	252.69	329.59	CHH7278	-1850.0	3302
2017-10-10	13:3:36	780443	39.45308983325958	116.69838666915894	3520.44	252.69	329.59	CHH7278	-1850.0	3302
2017-10-10	13:3:36	780443	39.45308983325958	116.69838666915894	3520.44	252.69	329.59	CHH7278	-1850.0	3302
2017-10-10	13:3:36	780443	39.45308983325958	116.69838666915894	3520.44	252.69	330.58	CHH7278	-1850.0	3302
2017-10-10	13:3:37	780443	39.45391595363617	116.69785022735596	3505.20	252.69	330.58	CHH7278	-1850.0	3302
2017-10-10	13:3:37	780443	39.45391595363617	116.69785022735596	3505.20	252.69	330.58	CHH7278	-1850.0	3302
2017-10-10	13:3:37	780443	39.45432901382446	116.69755518436432	3505.20	252.69	330.58	CHH7278	-1850.0	3302
2017-10-10	13:3:37	780443	39.45432901382446	116.69755518436432	3505.20	253.56	331.58	CHH7278	-1850.0	3302
2017-10-10	13:3:38	780443	39.45497274398804	116.69714212417603	3497.58	253.56	331.58	CHH7278	-1850.0	3302
2017-10-10	13:3:38	780443	39.45561110973358	116.69671297073364	3497.58	253.56	331.58	CHH7278	-1850.0	3302
2017-10-10	13:3:38	780443	39.45561110973358	116.69671297073364	3497.58	253.56	332.58	CHH7278	-1850.0	3302
2017-10-10	13:3:39	780443	39.456024169921875	116.69647693634033	3489.96	253.56	332.58	CHH7278	-1850.0	3302
2017-10-10	13:3:39	780443	39.456024169921875	116.69647693634033	3489.96	253.56	332.58	CHH7278	-1850.0	3302
2017-10-10	13:3:40	780443	39.45711851119995	116.6958600282669	3482.34	253.56	332.58	CHH7278	-1850.0	3302
2017-10-10	13:3:40	780443	39.45711851119995	116.6958600282669	3482.34	253.56	335.58	CHH7278	-1725.0	3302
2017-10-10	13:3:41	780443	39.45817530155182	116.69522702693939	3474.72	253.56	335.58	CHH7278	-1725.0	3302
2017-10-10	13:3:41	780443	39.45817530155182	116.69522702693939	3474.72	254.66	337.58	CHH7278	-1662.5	3302
2017-10-10	13:3:42	780443	39.459301829338074	116.69470131397247	3467.10	254.66	337.58	CHH7278	-1662.5	3302
2017-10-10	13:3:42	780443	39.459301829338074	116.69470131397247	3467.10	254.66	338.58	CHH7278	-1600.0	3302
2017-10-10	13:3:42	780443	39.46018695831299	116.69427216053009	3459.48	254.66	338.58	CHH7278	-1600.0	3302
2017-10-10	13:3:43	780443	39.46018695831299	116.69427216053009	3459.48	255.54	340.58	CHH7278	-1531.25	3302
2017-10-10	13:3:43	780443	39.4610720872879	116.69384300708771	3451.86	255.54	340.58	CHH7278	-1531.25	3302
2017-10-10	13:3:44	780443	39.46220397949219	116.69343531131744	3444.24	255.54	340.58	CHH7278	-1531.25	3302
2017-10-10	13:3:44	780443	39.46220397949219	116.69343531131744	3444.24	255.54	341.57	CHH7278	-1468.75	3302
2017-10-10	13:3:45	780443	39.46220397949219	116.69343531131744	3444.24	255.54	341.57	CHH7278	-1468.75	3302
2017-10-10	13:3:45	780443	39.46220397949219	116.69343531131744	3444.24	256.64	342.57	CHH7278	-1468.75	3302
2017-10-10	13:3:46	780443	39.46220397949219	116.69343531131744	3444.24	256.64	344.57	CHH7278	-1406.25	3302
2017-10-10	13:3:46	780443	39.464489221572876	116.69259309768677	3429.00	256.64	344.57	CHH7278	-1406.25	3302
2017-10-10	13:3:47	780443	39.464489221572876	116.69259309768677	3429.00	256.64	345.57	CHH7278	-1406.25	3302
2017-10-10	13:3:47	780443	39.46568012237549	116.69219613075256	3429.00	256.64	345.57	CHH7278	-1406.25	3302
2017-10-10	13:3:48	780443	39.46682274341583	116.69187426567078	3421.38	256.64	345.57	CHH7278	-1406.25	3302
2017-10-10	13:3:48	780443	39.46682274341583	116.69187426567078	3421.38	256.64	346.56	CHH7278	-1406.25	3302
2017-10-10	13:3:49	780443	39.46682274341583	116.69187426567078	3421.38	256.64	347.56	CHH7278	-1406.25	3302
2017-10-10	13:3:50	780443	39.46893632411957	116.6912841796875	3406.14	256.64	347.56	CHH7278	-1406.25	3302
2017-10-10	13:3:50	780443	39.46893632411957	116.6912841796875	3406.14	256.64	348.56	CHH7278	-1468.75	3302
2017-10-10	13:3:51	780443	39.47007358074188	116.69104278087616	3398.52	256.64	348.56	CHH7278	-1468.75	3302
2017-10-10	13:3:51	780443	39.47007358074188	116.69104278087616	3398.52	256.64	348.56	CHH7278	-1468.75	3302
2017-10-10	13:3:53	780443	39.47219789028168	116.69054925441742	3383.28	256.64	348.56	CHH7278	-1468.75	3302
2017-10-10	13:3:53	780443	39.47219789028168	116.69054925441742	3383.28	256.64	349.56	CHH7278	-1468.75	3302
2017-10-10	13:3:54	780443	39.47219789028168	116.69054925441742	3383.28	256.64	350.56	CHH7278	-1468.75	3302
2017-10-10	13:3:55	780443	39.47219789028168	116.69054925441742	3383.28	256.64	350.56	CHH7278	-1468.75	3302
2017-10-10	13:3:55	780443	39.47457432746887	116.69006109237671	3368.04	256.64	350.56	CHH7278	-1468.75	3302
2017-10-10	13:3:56	780443	39.475749135017395	116.68984651565552	3360.42	256.64	350.56	CHH7278	-1468.75	3302
2017-10-10	13:3:57	780443	39.475749135017395	116.68984651565552	3360.42	256.64	351.56	CHH7278	-1531.25	3302
2017-10-10	13:4:0	780443	39.480249881744385	116.68914377689362	3329.94	256.64	351.56	CHH7278	-1531.25	3302
2017-10-10	13:4:0	780443	39.480249881744385	116.68914377689362	3329.94	255.54	352.56	CHH7278	-1600.0	3302
2017-10-10	13:4:2	780443	39.480249881744385	116.68914377689362	3329.94	255.54	352.56	CHH7278	-1600.0	3302
2017-10-10	13:4:2	780443	39.48309302330017	116.6886556148529	3314.70	255.54	352.56	CHH7278	-1600.0	3302
2017-10-10	13:4:3	780443	39.48355436325073	116.68859660625458	3307.08	255.54	352.56	CHH7278	-1600.0	3302
2017-10-10	13:4:3	780443	39.48355436325073	116.68859660625458	3307.08	255.54	352.56	CHH7278	-1662.5	3302
2017-10-10	13:4:3	780443	39.484723806381226	116.68841421604156	3299.46	255.54	352.56	CHH7278	-1662.5	3302
2017-10-10	13:4:4	780443	39.485228061676025	116.68836057186127	3299.46	255.54	352.56	CHH7278	-1662.5	3302
2017-10-10	13:4:4	780443	39.48593080043793	116.68823182582855	3291.84	255.54	352.56	CHH7278	-1662.5	3302
2017-10-10	13:4:5	780443	39.48593080043793	116.68823182582855	3291.84	255.54	352.56	CHH7278	-1662.5	3302
2017-10-10	13:4:5	780443	39.48686420917511	116.68810844421387	3284.22	255.54	352.56	CHH7278	-1662.5	3302
2017-10-10	13:4:7	780443	39.48686420917511	116.68810844421387	3284.22	255.54	352.56	CHH7278	-1662.5	3302
2017-10-10	13:4:8	780443	39.48686420917511	116.68810844421387	3284.22	256.64	351.56	CHH7278	-1600.0	3302
2017-10-10	13:4:8	780443	39.48994338512421	116.68758273124695	3261.36	256.64	351.56	CHH7278	-1600.0	3302
2017-10-10	13:4:8	780443	39.49039936065674	116.68751835823059	3261.36	256.64	351.56	CHH7278	-1600.0	3302
2017-10-10	13:4:10	780443	39.49039936065674	116.68751835823059	3261.36	255.54	351.56	CHH7278	-1600.0	3302
2017-10-10	13:4:10	780443	39.49227690696716	116.68722331523895	3246.12	255.54	351.56	CHH7278	-1600.0	3302
2017-10-10	13:4:10	780443	39.49227690696716	116.68722331523895	3246.12	255.54	351.56	CHH7278	-1600.0	3302
2017-10-10	13:4:10	780443	39.493006467819214	116.68706774711609	3246.12	255.54	351.56	CHH7278	-1600.0	3302
2017-10-10	13:4:11	780443	39.493473172187805	116.68700873851776	3238.50	255.54	351.56	CHH7278	-1600.0	3302
2017-10-10	13:4:11	780443	39.493473172187805	116.68700873851776	3238.50	255.54	351.56	CHH7278	-1600.0	3302
2017-10-10	13:4:11	780443	39.49415445327759	116.68692290782928	3238.50	255.54	351.56	CHH7278	-1600.0	3302
2017-10-10	13:4:12	780443	39.49415445327759	116.68692290782928	3238.50	255.54	351.56	CHH7278	-1600.0	3302
2017-10-10	13:4:12	780443	39.49415445327759	116.68692290782928	3238.50	255.54	351.56	CHH7278	-1600.0	3302
2017-10-10	13:4:13	780443	39.49415445327759	116.68692290782928	3238.50	255.54	351.56	CHH7278	-1600.0	3302
2017-10-10	13:4:13	780443	39.49653625488281	116.68650448322296	3223.26	255.54	351.56	CHH7278	-1600.0	3302
2017-10-10	13:4:14	780443	39.49653625488281	116.68650448322296	3223.26	255.54	351.56	CHH7278	-1600.0	3302
2017-10-10	13:4:15	780443	39.49653625488281	116.68650448322296	3223.26	255.54	351.56	CHH7278	-1662.5	3302
2017-10-10	13:4:15	780443	39.49653625488281	116.68650448322296	3223.26	255.54	351.56	CHH7278	-1662.5	3302
2017-10-10	13:4:15	780443	39.4981724023819	116.68621480464935	3208.02	255.54	351.56	CHH7278	-1662.5	3302
2017-10-10	13:4:15	780443	39.49863910675049	116.68615579605103	3200.40	255.54	351.56	CHH7278	-1662.5	3302
2017-10-10	13:4:15	780443	39.49863910675049	116.68615579605103	3200.40	255.54	351.56	CHH7278	-1662.5	3302
2017-10-10	13:4:16	780443	39.49910581111908	116.68609142303467	3200.40	255.54	351.56	CHH7278	-1662.5	3302
2017-10-10	13:4:17	780443	39.500500559806824	116.68585002422333	3192.78	255.54	351.56	CHH7278	-1662.5	3302
2017-10-10	13:4:17	780443	39.500500559806824	116.68585002422333	3192.78	255.54	351.56	CHH7278	-1662.5	3302
2017-10-10	13:4:17	780443	39.500967264175415	116.685791015625	3185.16	255.54	351.56	CHH7278	-1662.5	3302
2017-10-10	13:4:20	780443	39.500967264175415	116.685791015625	3185.16	254.66	351.56	CHH7278	-1662.5	3302
2017-10-10	13:4:20	780443	39.504497051239014	116.6851955652237	3162.30	254.66	351.56	CHH7278	-1662.5	3302
2017-10-10	13:4:21	780443	39.504497051239014	116.6851955652237	3162.30	254.66	351.56	CHH7278	-1662.5	3302
2017-10-10	13:4:21	780443	39.505462646484375	116.68507218360901	3154.68	254.66	351.56	CHH7278	-1662.5	3302
2017-10-10	13:4:23	780443	39.505462646484375	116.68507218360901	3154.68	254.66	351.56	CHH7278	-1662.5	3302
2017-10-10	13:4:23	780443	39.507994651794434	116.68462693691254	3139.44	254.66	351.56	CHH7278	-1662.5	3302
2017-10-10	13:4:24	780443	39.50916945934296	116.6844767332077	3131.82	254.66	351.56	CHH7278	-1662.5	3302
2017-10-10	13:4:25	780443	39.50916945934296	116.6844767332077	3131.82	254.66	351.56	CHH7278	-1600.0	3302
2017-10-10	13:4:25	780443	39.51037108898163	116.68426215648651	3124.20	254.66	351.56	CHH7278	-1600.0	3302
2017-10-10	13:4:26	780443	39.51037108898163	116.68426215648651	3124.20	253.56	352.56	CHH7278	-1600.0	3302
2017-10-10	13:4:26	780443	39.51130449771881	116.68413877487183	3116.58	253.56	352.56	CHH7278	-1600.0	3302
2017-10-10	13:4:27	780443	39.51130449771881	116.68413877487183	3116.58	253.56	352.56	CHH7278	-1531.25	3302
2017-10-10	13:4:28	780443	39.51388478279114	116.68369889259338	3101.34	253.56	352.56	CHH7278	-1531.25	3302
2017-10-10	13:4:28	780443	39.51388478279114	116.68369889259338	3101.34	253.56	352.56	CHH7278	-1531.25	3302
2017-10-10	13:4:29	780443	39.51502740383148	116.68353259563446	3093.72	253.56	352.56	CHH7278	-1531.25	3302
2017-10-10	13:4:30	780443	39.51502740383148	116.68353259563446	3093.72	252.69	351.56	CHH7278	-1600.0	3302
2017-10-10	13:4:31	780443	39.51735556125641	116.6831624507904	3070.86	252.69	351.56	CHH7278	-1600.0	3302
2017-10-10	13:4:31	780443	39.51735556125641	116.6831624507904	3070.86	252.69	351.56	CHH7278	-1725.0	3302
2017-10-10	13:4:32	780443	39.51855182647705	116.68298006057739	3063.24	252.69	351.56	CHH7278	-1725.0	3302
2017-10-10	13:4:32	780443	39.51855182647705	116.68298006057739	3063.24	252.69	351.56	CHH7278	-1850.0	3302
2017-10-10	13:4:37	780443	39.51855182647705	116.68298006057739	3063.24	251.59	352.56	CHH7278	-2106.25	3302
2017-10-10	13:4:37	780443	39.52433466911316	116.6820627450943	3009.90	251.59	352.56	CHH7278	-2106.25	3302
2017-10-10	13:4:38	780443	39.52433466911316	116.6820627450943	3009.90	251.59	352.56	CHH7278	-2106.25	3302
2017-10-10	13:4:38	780443	39.52550947666168	116.68190717697144	3002.28	251.59	352.56	CHH7278	-2106.25	3302
2017-10-10	13:4:39	780443	39.52550947666168	116.68190717697144	3002.28	251.59	352.56	CHH7278	-2106.25	3302
2017-10-10	13:4:39	780443	39.526469707489014	116.68173015117645	2994.66	251.59	352.56	CHH7278	-2106.25	3302
2017-10-10	13:4:40	780443	39.526469707489014	116.68173015117645	2994.66	251.59	352.56	CHH7278	-2106.25	3302
2017-10-10	13:4:40	780443	39.52759623527527	116.68157458305359	2979.42	251.59	352.56	CHH7278	-2106.25	3302
2017-10-10	13:4:42	780443	39.52759623527527	116.68157458305359	2979.42	251.59	352.56	CHH7278	-2106.25	3302
2017-10-10	13:4:42	780443	39.529924392700195	116.68120980262756	2956.56	251.59	352.56	CHH7278	-2106.25	3302
2017-10-10	13:4:43	780443	39.529924392700195	116.68120980262756	2956.56	251.59	352.56	CHH7278	-2175.0	3302
2017-10-10	13:4:43	780443	39.529924392700195	116.68120980262756	2956.56	251.59	352.56	CHH7278	-2175.0	3302
2017-10-10	13:4:44	780443	39.53225255012512	116.68084502220154	2941.32	251.59	352.56	CHH7278	-2175.0	3302
2017-10-10	13:4:44	780443	39.53225255012512	116.68084502220154	2941.32	251.59	352.56	CHH7278	-2175.0	3302
2017-10-10	13:4:46	780443	39.53434467315674	116.68053388595581	2918.46	251.59	352.56	CHH7278	-2175.0	3302
2017-10-10	13:4:46	780443	39.53434467315674	116.68053388595581	2918.46	251.59	352.56	CHH7278	-2175.0	3302
2017-10-10	13:4:47	780443	39.53434467315674	116.68053388595581	2918.46	251.59	352.56	CHH7278	-2175.0	3302
2017-10-10	13:4:48	780443	39.53434467315674	116.68053388595581	2918.46	251.59	352.56	CHH7278	-2106.25	3302
2017-10-10	13:4:50	780443	39.53901171684265	116.67981505393982	2880.36	251.59	352.56	CHH7278	-2106.25	3302
2017-10-10	13:4:51	780443	39.53901171684265	116.67981505393982	2880.36	251.59	352.56	CHH7278	-1850.0	3302
2017-10-10	13:4:51	780443	39.540165066719055	116.67962193489075	2872.74	251.59	352.56	CHH7278	-1850.0	3302
2017-10-10	13:4:53	780443	39.5422625541687	116.67927861213684	2857.50	251.59	352.56	CHH7278	-1850.0	3302
2017-10-10	13:4:53	780443	39.5422625541687	116.67927861213684	2857.50	250.49	352.56	CHH7278	-1600.0	3302
2017-10-10	13:4:54	780443	39.543421268463135	116.67913377285004	2849.88	250.49	352.56	CHH7278	-1600.0	3302
2017-10-10	13:4:55	780443	39.54455316066742	116.6789835691452	2842.26	250.49	352.56	CHH7278	-1600.0	3302
2017-10-10	13:4:55	780443	39.54455316066742	116.6789835691452	2842.26	250.49	352.56	CHH7278	-1600.0	3302
2017-10-10	13:4:56	780443	39.54570651054382	116.67876899242401	2834.64	250.49	352.56	CHH7278	-1600.0	3302
2017-10-10	13:4:59	780443	39.549129009246826	116.67826473712921	2811.78	250.49	352.56	CHH7278	-1600.0	3302
2017-10-10	13:5:0	780443	39.55050230026245	116.67808771133423	2804.16	250.49	352.56	CHH7278	-1600.0	3302
2017-10-10	13:5:0	780443	39.55050230026245	116.67808771133423	2804.16	247.63	352.56	CHH7278	-1531.25	3302
2017-10-10	13:5:1	780443	39.551419615745544	116.67796969413757	2796.54	247.63	352.56	CHH7278	-1531.25	3302
2017-10-10	13:5:1	780443	39.551419615745544	116.67796969413757	2796.54	246.53	352.56	CHH7278	-1531.25	3302
2017-10-10	13:5:3	780443	39.551419615745544	116.67796969413757	2796.54	246.53	352.56	CHH7278	-1531.25	3302
2017-10-10	13:5:9	780443	39.56027090549469	116.67663395404816	2727.96	243.68	352.56	CHH7278	-1787.5	3302
2017-10-10	13:5:9	780443	39.561397433280945	116.67647302150726	2720.34	243.68	352.56	CHH7278	-1787.5	3302
2017-10-10	13:5:9	780443	39.561397433280945	116.67647302150726	2720.34	243.68	352.56	CHH7278	-1850.0	3302
2017-10-10	13:5:10	780443	39.56250786781311	116.67632818222046	2712.72	243.68	352.56	CHH7278	-1850.0	3302
2017-10-10	13:5:10	780443	39.56250786781311	116.67632818222046	2712.72	243.68	352.56	CHH7278	-1850.0	3302
