日期              时间       飞机地址           纬度                  经度                                高度          地速     航向    航班号 爬升率 识别代码
2017-10-10  13:10:40	781143	39.12984073162079	117.36756563186646	0.00	8.79	207.74	0.0	2777	
2017-10-10	13:10:49	781143	39.12984073162079	117.36756563186646	0.00	8.79	207.74	0.0	2777		
2017-10-10	13:11:2	    781143	39.12876784801483	117.36806988716125	0.00	12.96	153.81	0.0	null	
2017-10-10	13:11:11	781143	39.12824749946594	117.36839175224304	0.00	15.82	153.81	0.0	null	
2017-10-10	13:11:11	781143	39.128183126449585	117.36841857433319	0.00	15.82	153.81	0.0	null	
2017-10-10	13:11:12	781143	39.128183126449585	117.36841857433319	0.00	15.82	153.81	0.0	2000	
2017-10-10	13:11:12	781143	39.128156304359436	117.36843466758728	0.00	15.82	153.81	0.0	2000	
2017-10-10	13:11:12	781143	39.128156304359436	117.36843466758728	0.00	15.82	153.81	GCR7884	0.0	2000
2017-10-10	13:11:16	781143	39.12788271903992	117.36859560012817	0.00	16.92	153.81	GCR7884	0.0	2000
2017-10-10	13:11:18	781143	39.12788271903992	117.36859560012817	0.00	16.92	153.81	GCR7884	0.0	2000
2017-10-10	13:11:20	781143	39.12758231163025	117.36878871917725	0.00	17.80	153.81	GCR7884	0.0	2000
2017-10-10	13:11:20	781143	39.12758231163025	117.36878871917725	0.00	17.80	153.81	GCR7884	0.0	2000
2017-10-10	13:11:23	781143	39.12758231163025	117.36878871917725	0.00	17.80	153.81	GCR7884	0.0	2000
2017-10-10	13:11:24	781143	39.1272497177124	117.36898720264435	0.00	18.90	153.81	GCR7884	0.0	2000
2017-10-10	13:11:26	781143	39.1272497177124	117.36898720264435	0.00	18.90	153.81	GCR7884	0.0	2000
2017-10-10	13:11:27	781143	39.12707269191742	117.369105219841	0.00	18.90	153.81	GCR7884	0.0	2000
2017-10-10	13:11:28	781143	39.12699222564697	117.36915349960327	0.00	18.90	153.81	GCR7884	0.0	2000
2017-10-10	13:11:28	781143	39.12699222564697	117.36915349960327	0.00	18.90	153.81	GCR7884	0.0	2000
2017-10-10	13:11:29	781143	39.126911759376526	117.36920714378357	0.00	18.90	153.81	GCR7884	0.0	2000
2017-10-10	13:11:29	781143	39.12687957286835	117.36922323703766	0.00	19.78	153.81	GCR7884	0.0	2000
2017-10-10	13:11:30	781143	39.12682592868805	117.36924469470978	0.00	19.78	153.81	GCR7884	0.0	2000
2017-10-10	13:11:35	781143	39.126407504081726	117.3695182800293	0.00	19.78	153.81	GCR7884	0.0	2000
2017-10-10	13:11:36	781143	39.12632703781128	117.36955046653748	0.00	18.90	153.81	GCR7884	0.0	2000
2017-10-10	13:11:37	781143	39.12625730037689	117.3696094751358	0.00	18.90	153.81	GCR7884	0.0	2000
2017-10-10	13:11:47	781143	39.125688672065735	117.36985623836517	0.00	9.89	176.78	GCR7884	0.0	2000
2017-10-10	13:11:54	781143	39.125468730926514	117.3696094751358	0.00	9.89	224.72	GCR7884	0.0	2000
2017-10-10	13:11:54	781143	39.125468730926514	117.3696094751358	0.00	9.89	224.72	GCR7884	0.0	2000
2017-10-10	13:11:58	781143	39.12537753582001	117.36934661865234	0.00	10.99	240.70	GCR7884	0.0	2000
2017-10-10	13:11:59	781143	39.12536144256592	117.3693197965622	0.00	10.99	240.70	GCR7884	0.0	2000
2017-10-10	13:11:59	781143	39.12536144256592	117.3693197965622	0.00	10.99	240.70	GCR7884	0.0	2000
2017-10-10	13:11:59	781143	39.12535071372986	117.36929297447205	0.00	10.99	240.70	GCR7884	0.0	2000
2017-10-10	13:12:7	    781143	39.125179052352905	117.36878871917725	0.00	12.96	243.69	GCR7884	0.0	2000	
2017-10-10	13:12:31	781143	39.124438762664795	117.36681997776031	0.00	17.80	243.69	0.0	null	
2017-10-10	13:12:32	781143	39.12435829639435	117.36662685871124	0.00	17.80	243.69	0.0	null	
2017-10-10	13:12:33	781143	39.12432610988617	117.36651957035065	0.00	17.80	243.69	0.0	null	
2017-10-10	13:12:35	781143	39.12429392337799	117.36642301082611	0.00	18.90	243.69	0.0	null	
2017-10-10	13:12:39	781143	39.12429392337799	117.36642301082611	0.00	18.90	243.69	0.0	2000	
2017-10-10	13:12:39	781143	39.12411689758301	117.36596167087555	0.00	18.90	243.69	0.0	2000	
2017-10-10	13:12:40	781143	39.12406861782074	117.3658275604248	0.00	18.90	243.69	0.0	2000		
2017-10-10	13:12:57	781143	39.12339806556702	117.36401975154877	0.00	21.97	243.69	0.0	null	
2017-10-10	13:12:57	781143	39.12339806556702	117.36401975154877	0.00	21.97	243.69	GCR7884	0.0	null
2017-10-10	13:12:58	781143	39.12334442138672	117.36388027667999	0.00	21.97	243.69	GCR7884	0.0	null
2017-10-10	13:12:58	781143	39.1233229637146	117.3638105392456	0.00	21.97	243.69	GCR7884	0.0	null
2017-10-10	13:13:2	    781143	39.12314593791962	117.36333847045898	0.00	22.85	243.69	GCR7884	0.0	null
2017-10-10	13:13:3	    781143	39.12311375141144	117.3632687330246	0.00	22.85	243.69	GCR7884	0.0	null
2017-10-10	13:13:4	    781143	39.12306547164917	117.36311852931976	0.00	23.95	243.69	GCR7884	0.0	null
2017-10-10	13:13:4	    781143	39.12306547164917	117.36311852931976	0.00	23.95	243.69	GCR7884	0.0	2000
2017-10-10	13:13:6	    781143	39.12298500537872	117.36292541027069	0.00	23.95	243.69	GCR7884	0.0	2000
2017-10-10	13:13:7	    781143	39.122942090034485	117.36279129981995	0.00	23.95	243.69	GCR7884	0.0	2000
2017-10-10	13:13:7	    781143	39.122904539108276	117.36272692680359	0.00	23.95	243.69	GCR7884	0.0	2000
2017-10-10	13:13:8	    781143	39.12288308143616	117.36265182495117	0.00	23.95	243.69	GCR7884	0.0	2000
2017-10-10	13:13:9	    781143	39.12288308143616	117.36265182495117	0.00	23.95	243.69	GCR7884	0.0	2000
2017-10-10	13:13:10	781143	39.12277042865753	117.36232459545135	0.00	23.95	243.69	GCR7884	0.0	2000
2017-10-10	13:13:12	781143	39.122673869132996	117.36207246780396	0.00	22.85	243.69	GCR7884	0.0	2000
2017-10-10	13:13:13	781143	39.122673869132996	117.36207246780396	0.00	22.85	243.69	GCR7884	0.0	2000
2017-10-10	13:13:13	781143	39.12264704704285	117.36201345920563	0.00	22.85	243.69	GCR7884	0.0	2000
2017-10-10	13:13:15	781143	39.12256121635437	117.36177742481232	0.00	23.95	243.69	GCR7884	0.0	2000
2017-10-10	13:13:16	781143	39.12250757217407	117.36164331436157	0.00	23.95	243.69	GCR7884	0.0	2000
2017-10-10	13:13:25	781143	39.12208378314972	117.36047923564911	0.00	23.95	243.69	GCR7884	0.0	2000
2017-10-10	13:13:30	781143	39.12208378314972	117.36047923564911	0.00	23.95	243.69	GCR7884	0.0	2000
2017-10-10	13:13:35	781143	39.1216117143631	117.3592346906662	0.00	24.83	243.69	GCR7884	0.0	2000
2017-10-10	13:13:36	781143	39.12156879901886	117.35909521579742	0.00	24.83	243.69	GCR7884	0.0	2000
2017-10-10	13:13:36	781143	39.12154734134674	117.35905230045319	0.00	24.83	243.69	GCR7884	0.0	2000
2017-10-10	13:13:37	781143	39.121472239494324	117.35885381698608	0.00	23.95	243.69	GCR7884	0.0	2000
2017-10-10	13:13:38	781143	39.121472239494324	117.35885381698608	0.00	23.95	243.69	GCR7884	0.0	2000
2017-10-10	13:13:39	781143	39.12139713764191	117.3586231470108	0.00	24.83	243.69	GCR7884	0.0	2000
2017-10-10	13:13:40	781143	39.12137031555176	117.35858023166656	0.00	24.83	243.69	GCR7884	0.0	2000
2017-10-10	13:13:42	781143	39.12126302719116	117.35829055309296	0.00	24.83	243.69	GCR7884	0.0	2000